2412.0 2371.0 2187.0 2440.0 2633.0 2633.0 2454.0 2459.0 2289.0 2306.0 2484.0 2206.0 2304.0 2465.0 2444.0 2297.0 2452.0 2309.0 2285.0 2290.0 2377.0 2407.0 2378.0 2299.0 2397.0 2334.0 2250.0 2247.0 2191.0 2202.0 2215.0 2207.0 2209.0 2191.0 2206.0 2306.0 2376.0 2292.0 2300.0 2296.0 2413.0 2348.0 2335.0 2227.0 2287.0 2268.0 2218.0 2223.0 2281.0 2229.0 2235.0 2283.0 2279.0 2247.0 2274.0 2273.0 2227.0 2210.0 2217.0 2225.0 2233.0 2278.0 2282.0 2280.0 2267.0 2253.0 2213.0 2110.0 2102.0 2090.0 2185.0 2194.0 2187.0 2054.0 2040.0 2043.0 1855.0 2004.0 1774.0 1805.0
2223.0 2242.0 2495.0 2321.0 2503.0 2644.0 2492.0 2467.0 2280.0 2256.0 2596.0 2365.0 2285.0 2365.0 2393.0 2338.0 2379.0 2283.0 2310.0 2315.0 2309.0 2284.0 2283.0 2265.0 2309.0 2349.0 2301.0 2272.0 2264.0 2280.0 2383.0 2382.0 2344.0 2317.0 2265.0 2346.0 2361.0 2363.0 2242.0 2284.0 2321.0 2232.0 2245.0 2322.0 2289.0 2240.0 2246.0 2238.0 2245.0 2228.0 2251.0 2255.0 2255.0 2237.0 2245.0 2256.0 2293.0 2290.0 2256.0 2267.0 2287.0 2265.0 2263.0 2272.0 2282.0 2267.0 2182.0 2144.0 2131.0 2154.0 2175.0 2169.0 2165.0 2139.0 2120.0 1954.0 1950.0 1944.0 1817.0 1788.0
2223.0 2243.0 2495.0 2263.0 2285.0 2512.0 2492.0 2301.0 2280.0 2417.0 2361.0 2532.0 2284.0 2244.0 2304.0 2280.0 2379.0 2388.0 2311.0 2315.0 2303.0 2284.0 2256.0 2207.0 2309.0 2234.0 2229.0 2266.0 2375.0 2371.0 2262.0 2314.0 2344.0 2312.0 2360.0 2346.0 2342.0 2250.0 2248.0 2282.0 2256.0 2232.0 2253.0 2321.0 2269.0 2251.0 2247.0 2228.0 2247.0 2228.0 2259.0 2257.0 2255.0 2260.0 2259.0 2257.0 2289.0 2302.0 2253.0 2276.0 2307.0 2269.0 2265.0 2278.0 2294.0 2270.0 2182.0 2165.0 2142.0 2156.0 2182.0 2173.0 2161.0 2168.0 2128.0 1954.0 1950.0 1864.0 1827.0 1785.0
0.0 2243.0 2278.0 2299.0 2280.0 2439.0 2341.0 2067.0 2067.0 2417.0 2211.0 2369.0 2232.0 2167.0 2208.0 2219.0 2246.0 2388.0 2312.0 2197.0 2274.0 2337.0 2241.0 2331.0 2160.0 2343.0 2313.0 2267.0 2196.0 2190.0 2217.0 2176.0 2268.0 2274.0 2260.0 2265.0 2339.0 2232.0 2254.0 2276.0 2278.0 2266.0 2266.0 2274.0 2253.0 2255.0 2247.0 2211.0 2260.0 2284.0 2274.0 2302.0 2314.0 2321.0 2318.0 2261.0 2257.0 2284.0 2256.0 2297.0 2307.0 2274.0 2267.0 2286.0 2306.0 2296.0 2269.0 2168.0 2150.0 2160.0 2180.0 2210.0 2181.0 2168.0 2118.0 1958.0 1951.0 1900.0 1839.0 1778.0
0.0 2157.0 2215.0 2387.0 2585.0 2437.0 2269.0 2334.0 2352.0 2294.0 2361.0 2283.0 2242.0 2244.0 2209.0 2233.0 2212.0 2200.0 2174.0 2162.0 2200.0 2152.0 2121.0 2201.0 2160.0 2358.0 2356.0 2348.0 2212.0 2191.0 2269.0 2338.0 2267.0 2230.0 2161.0 2261.0 2242.0 2237.0 2285.0 2283.0 2272.0 2273.0 2267.0 2278.0 2254.0 2254.0 2245.0 2207.0 2251.0 2288.0 2263.0 2300.0 2308.0 2318.0 2317.0 2249.0 2236.0 2280.0 2252.0 2296.0 2300.0 2226.0 2209.0 2193.0 2260.0 2276.0 2271.0 2209.0 2204.0 2195.0 2192.0 2204.0 2150.0 2134.0 2094.0 1957.0 1948.0 1915.0 1846.0 1778.0
2371.0 1985.0 2277.0 2377.0 2287.0 2188.0 2340.0 2332.0 2252.0 2176.0 2496.0 2331.0 2235.0 2277.0 2215.0 2358.0 2232.0 2201.0 2175.0 2170.0 2263.0 2469.0 2329.0 2373.0 2309.0 2338.0 2292.0 2264.0 2191.0 2190.0 2263.0 2264.0 2282.0 2226.0 2254.0 2266.0 2232.0 2241.0 2253.0 2279.0 2215.0 2267.0 2272.0 2312.0 2291.0 2256.0 2241.0 2239.0 2244.0 2242.0 2260.0 2296.0 2278.0 2218.0 2249.0 2265.0 2245.0 2226.0 2213.0 2244.0 2264.0 2214.0 2218.0 2190.0 2191.0 2233.0 2294.0 2330.0 2200.0 2160.0 2166.0 2135.0 2152.0 2172.0 2097.0 1979.0 1935.0 1893.0 1849.0 1772.0
2113.0 2152.0 2275.0 2469.0 2676.0 2437.0 2275.0 2262.0 2322.0 2307.0 2462.0 2339.0 2237.0 2261.0 2281.0 2358.0 2232.0 2238.0 2240.0 2111.0 2116.0 2469.0 2507.0 2334.0 2261.0 2294.0 2300.0 2286.0 2316.0 2312.0 2262.0 2329.0 2356.0 2275.0 2328.0 2254.0 2291.0 2294.0 2249.0 2275.0 2255.0 2258.0 2232.0 2277.0 2254.0 2254.0 2248.0 2260.0 2255.0 2243.0 2263.0 2283.0 2266.0 2220.0 2245.0 2267.0 2247.0 2276.0 2259.0 2246.0 2192.0 2196.0 2207.0 2168.0 2191.0 2218.0 2151.0 2159.0 2177.0 2181.0 2158.0 2136.0 2170.0 2177.0 2113.0 1977.0 1934.0 1891.0 1848.0 1770.0
1983.0 1985.0 2158.0 2322.0 2343.0 2191.0 2221.0 2243.0 2323.0 2432.0 2472.0 2330.0 2262.0 2284.0 2284.0 2277.0 2400.0 2402.0 2353.0 2261.0 2193.0 2241.0 2317.0 2239.0 2262.0 2220.0 2209.0 2257.0 2314.0 2315.0 2259.0 2326.0 2353.0 2278.0 2234.0 2245.0 2289.0 2329.0 2312.0 2285.0 2293.0 2263.0 2232.0 2254.0 2256.0 2257.0 2250.0 2245.0 2247.0 2245.0 2265.0 2295.0 2274.0 2232.0 2239.0 2261.0 2276.0 2247.0 2264.0 2278.0 2192.0 2194.0 2200.0 2195.0 2194.0 2205.0 2172.0 2196.0 2204.0 2157.0 2173.0 2202.0 2147.0 2132.0 2096.0 1999.0 1933.0 1887.0 1853.0 1779.0
2367.0 2163.0 2202.0 2366.0 2289.0 2294.0 2300.0 2322.0 2247.0 2358.0 2500.0 2499.0 2273.0 2176.0 2012.0 2211.0 2331.0 2402.0 2263.0 2205.0 2257.0 2241.0 2314.0 2222.0 2232.0 2219.0 2209.0 2258.0 2313.0 2287.0 2257.0 2286.0 2257.0 2301.0 2224.0 2256.0 2253.0 2311.0 2311.0 2260.0 2254.0 2280.0 2313.0 2298.0 2257.0 2255.0 2248.0 2267.0 2250.0 2245.0 2263.0 2236.0 2219.0 2225.0 2247.0 2266.0 2221.0 2207.0 2256.0 2246.0 2261.0 2253.0 2224.0 2226.0 2255.0 2243.0 2207.0 2190.0 2198.0 2174.0 2190.0 2203.0 2178.0 2160.0 2097.0 1970.0 1906.0 1883.0 1852.0 1770.0
2244.0 2199.0 2272.0 2469.0 2374.0 2299.0 2304.0 2319.0 2325.0 2296.0 2268.0 2287.0 2277.0 2175.0 2175.0 2186.0 2251.0 2256.0 2253.0 2262.0 2257.0 2305.0 2239.0 2230.0 2254.0 2300.0 2281.0 2259.0 2310.0 2239.0 2240.0 2305.0 2250.0 2312.0 2238.0 2267.0 2235.0 2271.0 2251.0 2198.0 2222.0 2290.0 2309.0 2304.0 2285.0 2254.0 2249.0 2236.0 2218.0 2230.0 2253.0 2262.0 2253.0 2251.0 2248.0 2227.0 2227.0 2231.0 2312.0 2393.0 2271.0 2249.0 2206.0 2188.0 2191.0 2231.0 2229.0 2187.0 2185.0 2220.0 2174.0 2129.0 2146.0 2114.0 2097.0 2028.0 1921.0 1877.0 1853.0 1765.0
2321.0 2202.0 2226.0 2468.0 2388.0 2205.0 2150.0 2233.0 2399.0 2377.0 2335.0 2302.0 2286.0 2405.0 2232.0 2211.0 2247.0 2255.0 2229.0 2109.0 2159.0 2222.0 2209.0 2229.0 2254.0 2293.0 2296.0 2260.0 2259.0 2231.0 2229.0 2303.0 2289.0 2240.0 2335.0 2254.0 2231.0 2244.0 2239.0 2219.0 2235.0 2261.0 2237.0 2256.0 2257.0 2254.0 2278.0 2274.0 2249.0 2250.0 2256.0 2218.0 2225.0 2261.0 2258.0 2266.0 2277.0 2248.0 2221.0 2246.0 2264.0 2253.0 2236.0 2238.0 2250.0 2214.0 2238.0 2214.0 2204.0 2185.0 2173.0 2190.0 2166.0 2181.0 2107.0 1957.0 1909.0 1880.0 1854.0 1769.0
2185.0 2121.0 2162.0 2363.0 2354.0 2293.0 2231.0 2244.0 2257.0 2263.0 2315.0 2318.0 2268.0 2328.0 2252.0 2252.0 2264.0 2260.0 2259.0 2194.0 2162.0 2221.0 2206.0 2232.0 2236.0 2293.0 2300.0 2255.0 2239.0 2236.0 2243.0 2301.0 2271.0 2243.0 2327.0 2294.0 2258.0 2320.0 2243.0 2256.0 2224.0 2257.0 2251.0 2252.0 2296.0 2256.0 2250.0 2275.0 2258.0 2248.0 2238.0 2238.0 2227.0 2226.0 2225.0 2221.0 2224.0 2218.0 2260.0 2265.0 2253.0 2242.0 2213.0 2232.0 2248.0 2216.0 2198.0 2213.0 2246.0 2231.0 2176.0 2130.0 2138.0 2148.0 2101.0 2012.0 1925.0 1881.0 1858.0 1783.0
2097.0 2105.0 2199.0 2360.0 2361.0 2389.0 2441.0 2392.0 2353.0 2368.0 2352.0 2330.0 2372.0 2316.0 2270.0 2337.0 2292.0 2256.0 2262.0 2263.0 2157.0 2291.0 2202.0 2233.0 2254.0 2301.0 2307.0 2236.0 2236.0 2238.0 2253.0 2247.0 2298.0 2238.0 2252.0 2205.0 2244.0 2248.0 2238.0 2256.0 2227.0 2261.0 2316.0 2303.0 2302.0 2299.0 2283.0 2275.0 2248.0 2248.0 2253.0 2239.0 2228.0 2257.0 2231.0 2225.0 2226.0 2211.0 2219.0 2203.0 2203.0 2212.0 2211.0 2213.0 2252.0 2266.0 2237.0 2215.0 2202.0 2177.0 2124.0 2128.0 2128.0 2110.0 2102.0 2037.0 1910.0 1868.0 1855.0 1774.0
2241.0 2252.0 2412.0 2359.0 2361.0 2345.0 2332.0 2248.0 2395.0 2385.0 2338.0 2305.0 2372.0 2399.0 2274.0 2306.0 2274.0 2251.0 2241.0 2198.0 2156.0 2277.0 2208.0 2236.0 2276.0 2296.0 2283.0 2252.0 2261.0 2231.0 2265.0 2196.0 2331.0 2273.0 2344.0 2251.0 2236.0 2222.0 2254.0 2331.0 2305.0 2266.0 2249.0 2244.0 2265.0 2275.0 2249.0 2232.0 2241.0 2250.0 2247.0 2217.0 2279.0 2266.0 2243.0 2217.0 2227.0 2254.0 2251.0 2237.0 2241.0 2231.0 2185.0 2155.0 2194.0 2284.0 2263.0 2210.0 2175.0 2173.0 2144.0 2133.0 2137.0 2112.0 2034.0 1963.0 1919.0 1891.0 1854.0 1776.0
2232.0 2184.0 2164.0 2189.0 2430.0 2544.0 2441.0 2385.0 2364.0 2382.0 2338.0 2224.0 2230.0 2339.0 2267.0 2254.0 2267.0 2259.0 2228.0 2188.0 2160.0 2266.0 2210.0 2234.0 2264.0 2284.0 2267.0 2256.0 2289.0 2243.0 2276.0 2240.0 2261.0 2267.0 2255.0 2204.0 2277.0 2225.0 2224.0 2246.0 2301.0 2262.0 2247.0 2245.0 2245.0 2252.0 2248.0 2245.0 2250.0 2254.0 2249.0 2230.0 2225.0 2231.0 2252.0 2218.0 2229.0 2221.0 2215.0 2199.0 2219.0 2234.0 2192.0 2201.0 2222.0 2209.0 2239.0 2223.0 2222.0 2181.0 2160.0 2147.0 2157.0 2150.0 2100.0 1981.0 1911.0 1893.0 1858.0 1770.0
2438.0 2354.0 2409.0 2176.0 2192.0 2253.0 2231.0 2284.0 2316.0 2365.0 2356.0 2311.0 2369.0 2233.0 2251.0 2295.0 2290.0 2276.0 2261.0 2256.0 2209.0 2297.0 2244.0 2241.0 2226.0 2203.0 2194.0 2234.0 2276.0 2231.0 2248.0 2247.0 2241.0 2269.0 2252.0 2252.0 2244.0 2256.0 2249.0 2343.0 2331.0 2246.0 2243.0 2241.0 2224.0 2255.0 2274.0 2234.0 2218.0 2239.0 2224.0 2223.0 2229.0 2217.0 2217.0 2229.0 2286.0 2269.0 2204.0 2210.0 2267.0 2251.0 2207.0 2206.0 2223.0 2209.0 2214.0 2210.0 2230.0 2180.0 2129.0 2138.0 2147.0 2146.0 2086.0 1981.0 1919.0 1896.0 1859.0 1772.0
2096.0 2253.0 2411.0 2228.0 2247.0 2272.0 2193.0 2263.0 2324.0 2363.0 2359.0 2353.0 2371.0 2177.0 2230.0 2335.0 2338.0 2289.0 2313.0 2260.0 2270.0 2283.0 2262.0 2271.0 2280.0 2231.0 2175.0 2193.0 2224.0 2235.0 2283.0 2247.0 2259.0 2241.0 2254.0 2302.0 2301.0 2268.0 2252.0 2293.0 2263.0 2238.0 2250.0 2246.0 2226.0 2244.0 2247.0 2232.0 2246.0 2250.0 2245.0 2253.0 2274.0 2264.0 2251.0 2254.0 2271.0 2271.0 2217.0 2206.0 2221.0 2217.0 2181.0 2157.0 2196.0 2193.0 2181.0 2210.0 2226.0 2181.0 2151.0 2139.0 2129.0 2121.0 2052.0 1983.0 1927.0 1897.0 1855.0 1750.0
2233.0 2330.0 2411.0 2229.0 2238.0 2284.0 2190.0 2252.0 2264.0 2297.0 2349.0 2450.0 2229.0 2131.0 2221.0 2325.0 2349.0 2344.0 2251.0 2269.0 2289.0 2353.0 2217.0 2253.0 2287.0 2279.0 2297.0 2205.0 2204.0 2228.0 2282.0 2187.0 2260.0 2268.0 2255.0 2226.0 2242.0 2219.0 2265.0 2300.0 2300.0 2272.0 2260.0 2246.0 2224.0 2233.0 2247.0 2238.0 2245.0 2257.0 2249.0 2223.0 2229.0 2256.0 2251.0 2261.0 2253.0 2238.0 2223.0 2220.0 2217.0 2210.0 2181.0 2174.0 2207.0 2191.0 2165.0 2171.0 2182.0 2183.0 2156.0 2145.0 2147.0 2144.0 2065.0 1989.0 1943.0 1897.0 1848.0 1742.0
2368.0 2256.0 2261.0 2180.0 2200.0 2258.0 2181.0 2216.0 2222.0 2265.0 2351.0 2493.0 2259.0 2173.0 2235.0 2330.0 2342.0 2300.0 2205.0 2252.0 2203.0 2353.0 2258.0 2239.0 2273.0 2273.0 2251.0 2201.0 2242.0 2223.0 2185.0 2179.0 2278.0 2260.0 2248.0 2260.0 2282.0 2285.0 2248.0 2266.0 2255.0 2239.0 2260.0 2263.0 2244.0 2249.0 2252.0 2241.0 2248.0 2257.0 2265.0 2258.0 2258.0 2246.0 2211.0 2236.0 2260.0 2225.0 2212.0 2220.0 2215.0 2200.0 2199.0 2202.0 2203.0 2184.0 2170.0 2161.0 2141.0 2136.0 2149.0 2142.0 2147.0 2150.0 2050.0 1978.0 1938.0 1904.0 1856.0 1764.0
2399.0 2451.0 2240.0 2231.0 2261.0 2332.0 2281.0 2262.0 2261.0 2318.0 2359.0 2348.0 2365.0 2234.0 2263.0 2343.0 2326.0 2233.0 2265.0 2286.0 2242.0 2307.0 2255.0 2228.0 2222.0 2238.0 2196.0 2208.0 2181.0 2191.0 2258.0 2249.0 2252.0 2268.0 2250.0 2246.0 2244.0 2193.0 2209.0 2260.0 2251.0 2240.0 2261.0 2254.0 2242.0 2253.0 2249.0 2224.0 2239.0 2242.0 2261.0 2257.0 2233.0 2256.0 2247.0 2237.0 2245.0 2201.0 2215.0 2219.0 2215.0 2196.0 2195.0 2220.0 2213.0 2223.0 2221.0 2193.0 2166.0 2145.0 2137.0 2140.0 2136.0 2114.0 2035.0 1978.0 1939.0 1889.0 1853.0 1773.0
2364.0 2627.0 2379.0 2350.0 2386.0 2345.0 2295.0 2376.0 2352.0 2314.0 2314.0 2300.0 2226.0 2298.0 2233.0 2298.0 2335.0 2232.0 2330.0 2348.0 2266.0 2315.0 2252.0 2238.0 2289.0 2292.0 2309.0 2254.0 2205.0 2198.0 2187.0 2256.0 2262.0 2259.0 2202.0 2220.0 2249.0 2204.0 2218.0 2281.0 2295.0 2282.0 2264.0 2254.0 2245.0 2250.0 2244.0 2232.0 2239.0 2236.0 2264.0 2257.0 2237.0 2249.0 2246.0 2249.0 2241.0 2212.0 2208.0 2223.0 2215.0 2197.0 2209.0 2222.0 2202.0 2194.0 2202.0 2169.0 2180.0 2187.0 2153.0 2137.0 2131.0 2093.0 2023.0 1987.0 1946.0 1864.0 1841.0 1777.0
2338.0 2453.0 2383.0 2385.0 2387.0 2255.0 2146.0 2323.0 2358.0 2327.0 2345.0 2367.0 2304.0 2120.0 2227.0 2330.0 2329.0 2363.0 2261.0 2296.0 2376.0 2358.0 2257.0 2234.0 2278.0 2274.0 2239.0 2227.0 2264.0 2247.0 2216.0 2307.0 2269.0 2277.0 2236.0 2212.0 2249.0 2290.0 2275.0 2269.0 2249.0 2251.0 2265.0 2272.0 2252.0 2249.0 2236.0 2224.0 2218.0 2213.0 2259.0 2262.0 2249.0 2249.0 2215.0 2229.0 2239.0 2220.0 2186.0 2203.0 2215.0 2198.0 2208.0 2221.0 2202.0 2177.0 2162.0 2169.0 2200.0 2183.0 2141.0 2136.0 2137.0 2098.0 2016.0 1989.0 1957.0 1880.0 1846.0 1775.0
2334.0 2444.0 2268.0 2347.0 2422.0 2344.0 2156.0 2327.0 2227.0 2179.0 2348.0 2286.0 2299.0 2305.0 2335.0 2323.0 2266.0 2308.0 2348.0 2347.0 2333.0 2243.0 2258.0 2254.0 2211.0 2202.0 2177.0 2185.0 2274.0 2243.0 2422.0 2282.0 2251.0 2233.0 2196.0 2167.0 2190.0 2203.0 2232.0 2267.0 2241.0 2230.0 2259.0 2271.0 2246.0 2234.0 2230.0 2231.0 2227.0 2195.0 2225.0 2237.0 2242.0 2229.0 2217.0 2230.0 2207.0 2195.0 2205.0 2217.0 2213.0 2200.0 2210.0 2221.0 2202.0 2178.0 2165.0 2184.0 2200.0 2160.0 2140.0 2138.0 2129.0 2094.0 2022.0 1985.0 1955.0 1906.0 1864.0 1772.0
2324.0 2314.0 2228.0 2345.0 2430.0 2342.0 2420.0 2407.0 2365.0 2309.0 2260.0 2244.0 2389.0 2305.0 2219.0 2131.0 2150.0 2319.0 2382.0 2260.0 2380.0 2307.0 2268.0 2240.0 2214.0 2231.0 2202.0 2156.0 2191.0 2190.0 2267.0 2250.0 2241.0 2215.0 2231.0 2220.0 2194.0 2196.0 2230.0 2278.0 2238.0 2228.0 2263.0 2271.0 2246.0 2234.0 2232.0 2229.0 2239.0 2233.0 2238.0 2230.0 2240.0 2228.0 2226.0 2226.0 2198.0 2188.0 2209.0 2226.0 2214.0 2199.0 2208.0 2215.0 2194.0 2176.0 2205.0 2182.0 2160.0 2175.0 2164.0 2153.0 2125.0 2086.0 2020.0 1982.0 1953.0 1890.0 1848.0 1771.0
2239.0 2323.0 2095.0 2277.0 2385.0 2085.0 2420.0 2376.0 2237.0 2187.0 2294.0 2235.0 2229.0 2302.0 2314.0 2302.0 2328.0 2295.0 2378.0 2250.0 2319.0 2281.0 2260.0 2291.0 2289.0 2234.0 2235.0 2217.0 2208.0 2228.0 2241.0 2297.0 2238.0 2220.0 2229.0 2226.0 2195.0 2195.0 2220.0 2248.0 2226.0 2219.0 2240.0 2272.0 2250.0 2230.0 2232.0 2222.0 2237.0 2235.0 2261.0 2241.0 2233.0 2225.0 2227.0 2229.0 2212.0 2188.0 2204.0 2222.0 2215.0 2202.0 2200.0 2199.0 2201.0 2177.0 2161.0 2161.0 2150.0 2164.0 2153.0 2154.0 2138.0 2083.0 2024.0 1995.0 1959.0 1880.0 1835.0 1757.0
2331.0 2203.0 2231.0 2282.0 2207.0 1904.0 2286.0 2328.0 2290.0 2305.0 2330.0 2397.0 2299.0 2314.0 2326.0 2316.0 2321.0 2237.0 2295.0 2260.0 2295.0 2250.0 2277.0 2313.0 2272.0 2231.0 2250.0 2234.0 2269.0 2242.0 2242.0 2333.0 2243.0 2228.0 2234.0 2225.0 2194.0 2206.0 2234.0 2228.0 2227.0 2229.0 2228.0 2246.0 2247.0 2228.0 2230.0 2227.0 2239.0 2230.0 2234.0 2229.0 2220.0 2218.0 2215.0 2223.0 2213.0 2191.0 2211.0 2222.0 2210.0 2217.0 2203.0 2197.0 2206.0 2183.0 2144.0 2103.0 2149.0 2147.0 2099.0 2133.0 2121.0 2082.0 2035.0 2003.0 1957.0 1874.0 1839.0 1764.0
2324.0 2260.0 2105.0 2278.0 2342.0 2085.0 2389.0 2335.0 2272.0 2239.0 2255.0 2400.0 2397.0 2273.0 2202.0 2200.0 2264.0 2247.0 2284.0 2265.0 2231.0 2251.0 2264.0 2248.0 2220.0 2233.0 2238.0 2236.0 2192.0 2228.0 2239.0 2228.0 2239.0 2229.0 2237.0 2232.0 2199.0 2196.0 2218.0 2223.0 2226.0 2229.0 2234.0 2230.0 2239.0 2226.0 2230.0 2251.0 2244.0 2230.0 2219.0 2225.0 2231.0 2220.0 2219.0 2223.0 2214.0 2209.0 2213.0 2219.0 2205.0 2222.0 2206.0 2172.0 2195.0 2180.0 2160.0 2102.0 2150.0 2164.0 2099.0 2128.0 2093.0 2077.0 2024.0 1987.0 1956.0 1912.0 1857.0 1769.0
2238.0 2235.0 2109.0 2288.0 2425.0 2198.0 2141.0 2229.0 2282.0 2302.0 2261.0 2286.0 2289.0 2249.0 2192.0 2139.0 2196.0 2271.0 2283.0 2275.0 2228.0 2270.0 2269.0 2251.0 2231.0 2224.0 2215.0 2239.0 2224.0 2240.0 2224.0 2216.0 2231.0 2236.0 2231.0 2234.0 2221.0 2212.0 2204.0 2214.0 2222.0 2222.0 2228.0 2222.0 2216.0 2223.0 2233.0 2253.0 2238.0 2217.0 2217.0 2229.0 2236.0 2227.0 2226.0 2222.0 2217.0 2212.0 2207.0 2200.0 2207.0 2223.0 2205.0 2163.0 2169.0 2176.0 2179.0 2164.0 2156.0 2159.0 2139.0 2127.0 2086.0 2069.0 2011.0 1980.0 1961.0 1914.0 1842.0 1758.0
2081.0 2370.0 2362.0 2403.0 2422.0 2375.0 2249.0 2260.0 2284.0 2233.0 2225.0 2287.0 2286.0 2226.0 2194.0 2200.0 2195.0 2267.0 2307.0 2295.0 2294.0 2283.0 2263.0 2257.0 2270.0 2235.0 2223.0 2231.0 2279.0 2295.0 2240.0 2215.0 2232.0 2252.0 2251.0 2236.0 2206.0 2214.0 2206.0 2223.0 2221.0 2216.0 2228.0 2226.0 2211.0 2216.0 2233.0 2239.0 2222.0 2215.0 2227.0 2235.0 2230.0 2227.0 2216.0 2212.0 2214.0 2200.0 2207.0 2211.0 2204.0 2218.0 2205.0 2192.0 2184.0 2187.0 2196.0 2187.0 2168.0 2153.0 2103.0 2054.0 2078.0 2071.0 2026.0 1982.0 1949.0 1851.0 1820.0 1755.0
2335.0 2370.0 2353.0 2283.0 2345.0 2453.0 2281.0 2243.0 2204.0 2184.0 2252.0 2284.0 2279.0 2235.0 2197.0 2202.0 2200.0 2256.0 2250.0 2263.0 2288.0 2265.0 2263.0 2257.0 2261.0 2266.0 2251.0 2221.0 2268.0 2264.0 2237.0 2220.0 2232.0 2249.0 2249.0 2244.0 2214.0 2212.0 2210.0 2224.0 2223.0 2222.0 2231.0 2235.0 2238.0 2220.0 2216.0 2231.0 2230.0 2229.0 2230.0 2223.0 2217.0 2223.0 2212.0 2217.0 2217.0 2199.0 2218.0 2230.0 2206.0 2184.0 2192.0 2186.0 2179.0 2176.0 2193.0 2186.0 2165.0 2158.0 2103.0 2055.0 2053.0 2043.0 2027.0 1954.0 1861.0 1841.0 1831.0 1770.0
2525.0 2323.0 2225.0 2212.0 2227.0 2373.0 2234.0 2234.0 2208.0 2186.0 2260.0 2271.0 2261.0 2263.0 2261.0 2250.0 2265.0 2274.0 2214.0 2239.0 2232.0 2250.0 2267.0 2258.0 2255.0 2272.0 2243.0 2217.0 2264.0 2230.0 2218.0 2278.0 2239.0 2235.0 2243.0 2255.0 2244.0 2213.0 2210.0 2222.0 2213.0 2217.0 2228.0 2227.0 2239.0 2216.0 2203.0 2230.0 2237.0 2234.0 2229.0 2205.0 2210.0 2227.0 2213.0 2224.0 2225.0 2199.0 2219.0 2231.0 2229.0 2178.0 2174.0 2170.0 2173.0 2170.0 2192.0 2184.0 2155.0 2144.0 2124.0 2126.0 2031.0 1996.0 1994.0 1932.0 1868.0 1857.0 1846.0 1775.0
2386.0 2360.0 2259.0 2154.0 2120.0 2205.0 2275.0 2340.0 2283.0 2190.0 2217.0 2292.0 2217.0 2258.0 2290.0 2285.0 2319.0 2282.0 2258.0 2263.0 2258.0 2282.0 2268.0 2251.0 2264.0 2271.0 2228.0 2245.0 2261.0 2251.0 2217.0 2283.0 2245.0 2238.0 2251.0 2243.0 2231.0 2213.0 2204.0 2216.0 2212.0 2216.0 2231.0 2226.0 2215.0 2210.0 2206.0 2229.0 2235.0 2235.0 2228.0 2225.0 2214.0 2227.0 2214.0 2224.0 2213.0 2201.0 2223.0 2213.0 2228.0 2183.0 2176.0 2182.0 2182.0 2180.0 2194.0 2183.0 2163.0 2145.0 2118.0 2120.0 2036.0 2025.0 2002.0 1940.0 1886.0 1862.0 1832.0 1757.0
2344.0 2364.0 2222.0 2131.0 2114.0 2199.0 2294.0 2344.0 2288.0 2218.0 2243.0 2352.0 2082.0 2203.0 2253.0 2239.0 2283.0 2284.0 2258.0 2308.0 2276.0 2285.0 2265.0 2248.0 2260.0 2267.0 2250.0 2266.0 2265.0 2257.0 2219.0 2279.0 2237.0 2246.0 2250.0 2198.0 2202.0 2212.0 2202.0 2195.0 2211.0 2218.0 2226.0 2207.0 2193.0 2211.0 2208.0 2230.0 2234.0 2231.0 2206.0 2223.0 2218.0 2195.0 2205.0 2217.0 2206.0 2197.0 2247.0 2252.0 2218.0 2176.0 2177.0 2176.0 2179.0 2173.0 2195.0 2184.0 2168.0 2157.0 2119.0 2078.0 2037.0 2066.0 2043.0 1935.0 1869.0 1849.0 1823.0 1772.0
2384.0 2219.0 2211.0 2220.0 2233.0 2288.0 2270.0 2243.0 2274.0 2262.0 2271.0 2349.0 2246.0 2234.0 2253.0 2233.0 2211.0 2334.0 2248.0 2299.0 2220.0 2211.0 2237.0 2226.0 2249.0 2275.0 2246.0 2223.0 2264.0 2174.0 2216.0 2190.0 2208.0 2226.0 2249.0 2209.0 2196.0 2210.0 2210.0 2203.0 2202.0 2203.0 2202.0 2190.0 2193.0 2227.0 2221.0 2228.0 2235.0 2230.0 2206.0 2204.0 2212.0 2178.0 2201.0 2191.0 2208.0 2196.0 2251.0 2252.0 2200.0 2173.0 2171.0 2175.0 2176.0 2171.0 2191.0 2170.0 2161.0 2148.0 2116.0 2124.0 2101.0 2078.0 2043.0 1921.0 1869.0 1862.0 1834.0 1786.0
2173.0 2104.0 2034.0 2133.0 2240.0 2204.0 2236.0 2230.0 2214.0 2212.0 2262.0 2280.0 2298.0 2256.0 2255.0 2245.0 2212.0 2332.0 2332.0 2265.0 2217.0 2212.0 2219.0 2214.0 2223.0 2261.0 2242.0 2243.0 2267.0 2159.0 2213.0 2178.0 2177.0 2191.0 2228.0 2227.0 2184.0 2208.0 2217.0 2210.0 2206.0 2211.0 2217.0 2230.0 2230.0 2228.0 2237.0 2232.0 2236.0 2219.0 2201.0 2202.0 2198.0 2172.0 2201.0 2168.0 2167.0 2187.0 2196.0 2176.0 2182.0 2174.0 2175.0 2177.0 2155.0 2159.0 2149.0 2138.0 2163.0 2136.0 2121.0 2138.0 2105.0 2052.0 2032.0 1932.0 1886.0 1869.0 1838.0 1774.0
2177.0 2344.0 2256.0 2232.0 2240.0 2287.0 2266.0 2308.0 2254.0 2190.0 2256.0 2291.0 2242.0 2258.0 2162.0 2180.0 2314.0 2302.0 2234.0 2172.0 2260.0 2206.0 2209.0 2226.0 2234.0 2253.0 2223.0 2224.0 2282.0 2198.0 2247.0 2175.0 2171.0 2120.0 2198.0 2211.0 2159.0 2169.0 2203.0 2212.0 2207.0 2209.0 2216.0 2225.0 2216.0 2213.0 2233.0 2226.0 2223.0 2194.0 2164.0 2214.0 2211.0 2176.0 2165.0 2168.0 2158.0 2149.0 2169.0 2177.0 2179.0 2175.0 2176.0 2170.0 2152.0 2159.0 2144.0 2135.0 2155.0 2131.0 2122.0 2118.0 2040.0 2035.0 2045.0 1984.0 1889.0 1862.0 1836.0 1765.0
2283.0 2387.0 2420.0 2218.0 2076.0 2181.0 2035.0 2215.0 2255.0 2218.0 2186.0 2288.0 2297.0 2193.0 2159.0 2228.0 2280.0 2290.0 2243.0 2211.0 2282.0 2294.0 2203.0 2210.0 2268.0 2255.0 2235.0 2139.0 2199.0 2269.0 2234.0 2153.0 2140.0 2191.0 2202.0 2192.0 2176.0 2196.0 2197.0 2197.0 2193.0 2195.0 2206.0 2180.0 2171.0 2208.0 2208.0 2202.0 2214.0 2216.0 2196.0 2204.0 2209.0 2190.0 2176.0 2184.0 2170.0 2148.0 2173.0 2179.0 2173.0 2171.0 2149.0 2133.0 2154.0 2160.0 2146.0 2138.0 2132.0 2117.0 2103.0 2070.0 2081.0 2056.0 2041.0 1964.0 1890.0 1865.0 1837.0 1772.0
2286.0 2130.0 2197.0 2241.0 2247.0 2274.0 2271.0 2271.0 2239.0 2234.0 2300.0 2578.0 2239.0 2249.0 2221.0 2203.0 2274.0 2277.0 2191.0 2302.0 2266.0 2247.0 2208.0 2297.0 2312.0 2253.0 2218.0 2195.0 2200.0 2270.0 2196.0 2176.0 2211.0 2205.0 2177.0 2154.0 2176.0 2205.0 2213.0 2205.0 2190.0 2193.0 2218.0 2211.0 2216.0 2226.0 2236.0 2202.0 2182.0 2216.0 2195.0 2197.0 2205.0 2191.0 2184.0 2169.0 2169.0 2165.0 2176.0 2177.0 2183.0 2168.0 2142.0 2043.0 2045.0 2048.0 2092.0 2085.0 2031.0 2055.0 2041.0 2036.0 2022.0 2023.0 1995.0 1909.0 1893.0 1867.0 1838.0 1773.0
2333.0 2206.0 2708.0 2530.0 2241.0 2186.0 2241.0 2262.0 2211.0 2238.0 2438.0 2281.0 2266.0 2278.0 2217.0 2109.0 2064.0 2283.0 2335.0 2145.0 2195.0 2314.0 2323.0 2304.0 2291.0 2220.0 2130.0 2222.0 2266.0 2156.0 2141.0 2254.0 2226.0 2230.0 2194.0 2168.0 2171.0 2166.0 2188.0 2193.0 2193.0 2191.0 2215.0 2196.0 2166.0 2190.0 2236.0 2240.0 2194.0 2180.0 2168.0 2164.0 2181.0 2159.0 2185.0 2177.0 2179.0 2167.0 2181.0 2181.0 2181.0 2143.0 2114.0 2023.0 1908.0 1874.0 1881.0 1864.0 1864.0 1861.0 1860.0 1858.0 1857.0 1850.0 1844.0 1882.0 1863.0 1820.0 1821.0 1749.0
2263.0 2297.0 2464.0 2297.0 2226.0 2257.0 2290.0 2279.0 2214.0 2195.0 2191.0 2286.0 2277.0 2184.0 2187.0 2204.0 2209.0 2292.0 2234.0 2213.0 2184.0 2307.0 2313.0 2325.0 2294.0 2200.0 2266.0 2213.0 2222.0 2190.0 2171.0 2265.0 2201.0 2120.0 2196.0 2193.0 2140.0 2138.0 2189.0 2189.0 2196.0 2189.0 2180.0 2186.0 2177.0 2210.0 2227.0 2207.0 2212.0 2211.0 2155.0 2160.0 2196.0 2192.0 2190.0 2176.0 2142.0 2136.0 2179.0 2183.0 2179.0 2123.0 2085.0 2023.0 1901.0 1807.0 1776.0 1702.0 1629.0 1675.0 1672.0 1672.0 1673.0 1670.0 1669.0 1668.0 1664.0 1637.0 1622.0 1614.0
2239.0 2329.0 2189.0 2204.0 2241.0 2338.0 2357.0 2223.0 2239.0 2276.0 2230.0 2165.0 2250.0 2116.0 2179.0 2270.0 2274.0 2279.0 2259.0 2281.0 2191.0 2182.0 2198.0 2194.0 2211.0 2273.0 2285.0 2250.0 2221.0 2153.0 2237.0 2225.0 2175.0 2193.0 2188.0 2186.0 2125.0 2136.0 2185.0 2192.0 2198.0 2193.0 2229.0 2224.0 2188.0 2213.0 2204.0 2192.0 2200.0 2213.0 2161.0 2185.0 2193.0 2175.0 2181.0 2166.0 2169.0 2145.0 2172.0 2173.0 2172.0 2107.0 2076.0 2036.0 1907.0 1802.0 1779.0 1700.0 1582.0 1536.0 1487.0 1437.0 1490.0 1497.0 1494.0 1494.0 1502.0 1513.0 1522.0 1508.0
2256.0 2302.0 2326.0 2305.0 2242.0 2251.0 2354.0 2231.0 2335.0 2362.0 2231.0 2154.0 2319.0 2179.0 2185.0 2203.0 2172.0 2133.0 2204.0 2139.0 2188.0 2210.0 2199.0 2267.0 2260.0 2204.0 2250.0 2203.0 2218.0 2265.0 2234.0 2265.0 2273.0 2295.0 2220.0 2181.0 2168.0 2216.0 2218.0 2183.0 2202.0 2228.0 2227.0 2220.0 2184.0 2162.0 2162.0 2169.0 2174.0 2137.0 2185.0 2189.0 2169.0 2148.0 2192.0 2166.0 2193.0 2161.0 2173.0 2175.0 2086.0 2059.0 2062.0 2046.0 1907.0 1806.0 1773.0 1690.0 1581.0 1522.0 1480.0 1406.0 1361.0 1354.0 1330.0 1353.0 1365.0 1376.0 1383.0 1361.0
2098.0 2209.0 2464.0 2312.0 2242.0 2248.0 2227.0 2228.0 2335.0 2372.0 2315.0 2164.0 2311.0 2287.0 2304.0 2273.0 2162.0 2142.0 2137.0 2137.0 2089.0 2174.0 2210.0 2227.0 2292.0 2292.0 2239.0 2159.0 2285.0 2262.0 2144.0 2253.0 2138.0 2194.0 2232.0 2195.0 2161.0 2212.0 2183.0 2161.0 2199.0 2207.0 2222.0 2231.0 2205.0 2157.0 2167.0 2168.0 2123.0 2120.0 2150.0 2142.0 2122.0 2149.0 2183.0 2179.0 2176.0 2134.0 2148.0 2163.0 2094.0 2060.0 2059.0 2023.0 1913.0 1807.0 1773.0 1693.0 1586.0 1514.0 1475.0 1399.0 1356.0 1324.0 1270.0 1227.0 1209.0 1249.0 1253.0 1255.0
2269.0 2335.0 2320.0 2306.0 2417.0 2361.0 2089.0 2111.0 2181.0 2277.0 2315.0 2274.0 2402.0 2290.0 2304.0 2262.0 2178.0 2164.0 2209.0 2187.0 2180.0 2307.0 2252.0 2193.0 2247.0 2290.0 2266.0 2179.0 2270.0 2288.0 2142.0 2217.0 2280.0 2295.0 2204.0 2181.0 2182.0 2212.0 2202.0 2209.0 2204.0 2195.0 2182.0 2203.0 2211.0 2158.0 2163.0 2165.0 2122.0 2114.0 2099.0 2140.0 2185.0 2142.0 2123.0 2157.0 2128.0 2121.0 2131.0 2097.0 2078.0 2061.0 2067.0 2024.0 1907.0 1807.0 1766.0 1691.0 1596.0 1515.0 1469.0 1397.0 1356.0 1336.0 1280.0 1226.0 1173.0 1146.0 1136.0 1099.0
2401.0 2322.0 2182.0 2352.0 2417.0 2338.0 2199.0 2126.0 2048.0 2071.0 2119.0 2295.0 2402.0 2188.0 2128.0 2139.0 2159.0 2149.0 2277.0 2179.0 2189.0 2309.0 2264.0 2190.0 2178.0 2213.0 2251.0 2254.0 2269.0 2462.0 2213.0 2223.0 2201.0 2190.0 2207.0 2197.0 2219.0 2217.0 2208.0 2195.0 2204.0 2225.0 2214.0 2168.0 2135.0 2157.0 2210.0 2168.0 2127.0 2122.0 2121.0 2138.0 2126.0 2090.0 2119.0 2157.0 2154.0 2127.0 2141.0 2110.0 2089.0 2084.0 2071.0 2022.0 1924.0 1819.0 1757.0 1647.0 1586.0 1512.0 1468.0 1400.0 1352.0 1322.0 1268.0 1221.0 1176.0 1151.0 1130.0 1069.0
2416.0 2569.0 2569.0 2303.0 2424.0 2482.0 2355.0 2299.0 2221.0 2091.0 2119.0 2223.0 2241.0 2157.0 2132.0 2132.0 2143.0 2168.0 2198.0 2123.0 2178.0 2133.0 2198.0 2192.0 2181.0 2150.0 2126.0 2140.0 2168.0 2196.0 2133.0 2132.0 2193.0 2172.0 2165.0 2198.0 2153.0 2129.0 2181.0 2218.0 2210.0 2190.0 2173.0 2200.0 2155.0 2156.0 2209.0 2164.0 2130.0 2174.0 2208.0 2187.0 2160.0 2095.0 2125.0 2183.0 2124.0 2117.0 2064.0 1992.0 2072.0 2100.0 2082.0 2026.0 1916.0 1815.0 1743.0 1644.0 1594.0 1526.0 1472.0 1397.0 1347.0 1324.0 1269.0 1222.0 1173.0 1149.0 1126.0 1064.0
2411.0 2365.0 2247.0 2377.0 2280.0 2241.0 2246.0 2150.0 2183.0 2268.0 2239.0 2242.0 2231.0 2195.0 2150.0 2129.0 2141.0 2151.0 2130.0 2135.0 2189.0 2090.0 2117.0 2117.0 2075.0 2124.0 2124.0 2145.0 2184.0 2235.0 2139.0 2213.0 2146.0 2185.0 2151.0 2217.0 2139.0 2166.0 2174.0 2144.0 2200.0 2196.0 2181.0 2192.0 2138.0 2139.0 2184.0 2163.0 2124.0 2115.0 2102.0 2123.0 2126.0 2138.0 2135.0 2131.0 2122.0 2115.0 2137.0 2125.0 2076.0 2063.0 2064.0 2026.0 1922.0 1815.0 1727.0 1667.0 1609.0 1513.0 1467.0 1392.0 1356.0 1330.0 1269.0 1223.0 1171.0 1138.0 1121.0 1066.0
2290.0 2170.0 2219.0 2473.0 2282.0 2260.0 2290.0 1961.0 2203.0 2281.0 2235.0 2210.0 2215.0 2177.0 2059.0 2132.0 2131.0 2094.0 2114.0 2175.0 2195.0 2104.0 2116.0 2189.0 2168.0 2148.0 2210.0 2189.0 2205.0 2302.0 2213.0 2133.0 2214.0 2198.0 2145.0 2170.0 2142.0 2151.0 2162.0 2197.0 2157.0 2128.0 2217.0 2213.0 2135.0 2137.0 2138.0 2105.0 2131.0 2123.0 2134.0 2135.0 2127.0 2134.0 2121.0 2128.0 2116.0 2120.0 2126.0 2125.0 2112.0 2072.0 2069.0 2033.0 1929.0 1820.0 1721.0 1629.0 1612.0 1543.0 1451.0 1384.0 1351.0 1327.0 1267.0 1217.0 1168.0 1137.0 1117.0 1058.0
2115.0 2133.0 2263.0 2296.0 2415.0 2487.0 2504.0 2259.0 2157.0 1814.0 1928.0 2168.0 2168.0 2283.0 2213.0 2179.0 2167.0 2113.0 2106.0 2124.0 2188.0 2111.0 2128.0 2195.0 2204.0 2218.0 2241.0 2232.0 2210.0 2272.0 2214.0 2132.0 2197.0 2196.0 2127.0 2126.0 2162.0 2153.0 2182.0 2229.0 2208.0 2134.0 2163.0 2163.0 2132.0 2153.0 2206.0 2165.0 2134.0 2158.0 2209.0 2198.0 2131.0 2094.0 2086.0 2130.0 2160.0 2132.0 2103.0 2101.0 2127.0 2116.0 2076.0 2020.0 1928.0 1828.0 1728.0 1644.0 1611.0 1539.0 1465.0 1393.0 1340.0 1315.0 1248.0 1201.0 1168.0 1140.0 1124.0 1061.0
2093.0 2055.0 2051.0 2101.0 2425.0 2442.0 2310.0 2089.0 2105.0 2132.0 2193.0 2211.0 2192.0 2142.0 2150.0 2336.0 2332.0 2169.0 2113.0 2112.0 2179.0 2226.0 2185.0 2123.0 2184.0 2231.0 2230.0 2198.0 2197.0 2231.0 2220.0 2133.0 2180.0 2179.0 2177.0 2173.0 2173.0 2165.0 2156.0 2177.0 2157.0 2123.0 2159.0 2185.0 2214.0 2198.0 2153.0 2112.0 2115.0 2127.0 2146.0 2117.0 2126.0 2114.0 2088.0 2133.0 2182.0 2107.0 2065.0 2090.0 2079.0 2097.0 2096.0 2046.0 1928.0 1825.0 1726.0 1644.0 1554.0 1509.0 1462.0 1396.0 1343.0 1321.0 1245.0 1193.0 1167.0 1145.0 1120.0 1056.0
2149.0 2055.0 2051.0 1953.0 2091.0 2198.0 2168.0 2085.0 2014.0 2125.0 2179.0 2206.0 2229.0 2268.0 2135.0 2121.0 2195.0 2112.0 1941.0 2077.0 2124.0 2264.0 2203.0 2126.0 2204.0 2216.0 2125.0 2128.0 2204.0 2232.0 2198.0 2109.0 2228.0 2178.0 2207.0 2168.0 2139.0 2188.0 2193.0 2142.0 2149.0 2094.0 2158.0 2226.0 2202.0 2135.0 2187.0 2200.0 2133.0 2126.0 2138.0 2130.0 2124.0 2116.0 2127.0 2193.0 2188.0 2161.0 2110.0 2089.0 2115.0 2117.0 2119.0 2073.0 1937.0 1804.0 1690.0 1628.0 1561.0 1535.0 1460.0 1391.0 1356.0 1312.0 1247.0 1200.0 1164.0 1139.0 1110.0 1052.0
1923.0 2481.0 2278.0 1953.0 1977.0 2115.0 2135.0 2099.0 2144.0 2317.0 2322.0 2269.0 2275.0 2203.0 2052.0 1958.0 2177.0 2186.0 2167.0 2180.0 2106.0 2106.0 2160.0 2130.0 2170.0 2147.0 2125.0 2143.0 2209.0 2223.0 2193.0 2134.0 2228.0 2204.0 2148.0 2164.0 2195.0 2210.0 2187.0 2149.0 2159.0 2133.0 2140.0 2140.0 2173.0 2136.0 2100.0 2100.0 2142.0 2143.0 2098.0 2081.0 2086.0 2122.0 2173.0 2193.0 2184.0 2185.0 2260.0 2252.0 2107.0 2033.0 2100.0 2049.0 1911.0 1818.0 1696.0 1625.0 1552.0 1531.0 1451.0 1391.0 1332.0 1284.0 1245.0 1198.0 1165.0 1134.0 1106.0 1048.0
2283.0 1999.0 2222.0 2482.0 2278.0 2115.0 2136.0 2243.0 2236.0 2314.0 2160.0 2152.0 2235.0 2264.0 2170.0 2166.0 2082.0 2110.0 2177.0 2202.0 2121.0 2107.0 2115.0 2132.0 2139.0 2154.0 2231.0 2231.0 2198.0 2179.0 2223.0 2194.0 2225.0 2211.0 2151.0 2228.0 2203.0 2152.0 2158.0 2109.0 2162.0 2144.0 2165.0 2166.0 2172.0 2136.0 2117.0 2161.0 2147.0 2105.0 2084.0 2108.0 2119.0 2103.0 2080.0 2090.0 2112.0 2143.0 2260.0 2263.0 2123.0 2036.0 2050.0 2057.0 2055.0 2080.0 1935.0 1658.0 1558.0 1514.0 1464.0 1411.0 1367.0 1314.0 1243.0 1188.0 1166.0 1140.0 1108.0 1055.0
2283.0 2313.0 2388.0 2382.0 2214.0 2009.0 2192.0 2229.0 2143.0 2138.0 2164.0 2169.0 2159.0 2148.0 2242.0 2336.0 2330.0 2480.0 2475.0 2105.0 1943.0 2101.0 2201.0 2222.0 2237.0 2144.0 2198.0 2299.0 2239.0 2180.0 2222.0 2187.0 2189.0 2205.0 2217.0 2229.0 2121.0 2051.0 2133.0 2092.0 2165.0 2173.0 2187.0 2225.0 2198.0 2135.0 2131.0 2204.0 2162.0 2120.0 2068.0 2090.0 2110.0 2118.0 2121.0 2093.0 2114.0 2105.0 2115.0 2081.0 2066.0 2037.0 2060.0 2145.0 2040.0 1849.0 1935.0 1847.0 1570.0 1499.0 1452.0 1407.0 1340.0 1314.0 1253.0 1199.0 1175.0 1146.0 1110.0 1056.0
2088.0 2125.0 2216.0 2120.0 2121.0 2651.0 2142.0 2038.0 2230.0 2314.0 2321.0 2219.0 2147.0 2127.0 2117.0 2192.0 2355.0 2275.0 2151.0 2080.0 2123.0 2263.0 2365.0 2284.0 2223.0 2249.0 2319.0 2331.0 2297.0 2239.0 2225.0 2183.0 2127.0 2199.0 2218.0 2236.0 2125.0 2144.0 2020.0 2142.0 2173.0 2156.0 2173.0 2185.0 2157.0 2136.0 2184.0 2126.0 2127.0 2143.0 2068.0 2077.0 2152.0 2204.0 2117.0 2087.0 2137.0 2113.0 2124.0 2147.0 2097.0 2136.0 2109.0 2052.0 2047.0 2047.0 2044.0 1950.0 1651.0 1517.0 1455.0 1413.0 1350.0 1304.0 1249.0 1188.0 1167.0 1136.0 1108.0 1056.0
2065.0 2040.0 2216.0 2120.0 1977.0 2389.0 2189.0 2241.0 2482.0 2606.0 2205.0 2154.0 2157.0 2159.0 2052.0 2157.0 2317.0 2271.0 2170.0 2104.0 2117.0 2243.0 2365.0 2120.0 2227.0 2190.0 2320.0 2301.0 2280.0 2259.0 2224.0 2186.0 2128.0 2154.0 2144.0 2228.0 2195.0 2204.0 2152.0 2226.0 2180.0 2136.0 2168.0 2191.0 2165.0 2196.0 2195.0 2065.0 2031.0 2156.0 2139.0 2087.0 2093.0 2088.0 2171.0 2212.0 2221.0 2207.0 2124.0 2227.0 2173.0 2079.0 2075.0 2058.0 2048.0 2078.0 2084.0 1993.0 1835.0 1673.0 1458.0 1416.0 1340.0 1293.0 1244.0 1187.0 1177.0 1127.0 1110.0 1056.0
2088.0 2113.0 2399.0 2383.0 2392.0 2387.0 2182.0 2230.0 2234.0 2142.0 2220.0 2147.0 2284.0 2275.0 2063.0 2163.0 2075.0 2269.0 2280.0 2227.0 2156.0 2240.0 2198.0 2201.0 2217.0 2173.0 2171.0 2166.0 2285.0 2250.0 2122.0 2186.0 2151.0 2065.0 2134.0 2044.0 2132.0 2140.0 2164.0 2226.0 2185.0 2149.0 2127.0 2194.0 2161.0 2208.0 2191.0 2131.0 2119.0 2155.0 2129.0 2090.0 2087.0 2088.0 2163.0 2155.0 2143.0 2096.0 2091.0 2151.0 2125.0 2039.0 2062.0 2061.0 2047.0 2074.0 2085.0 2020.0 1839.0 1842.0 1674.0 1416.0 1345.0 1321.0 1250.0 1194.0 1186.0 1132.0 1115.0 1055.0
2088.0 2341.0 2413.0 2328.0 2243.0 2415.0 2299.0 2444.0 2482.0 2488.0 2485.0 2511.0 2461.0 2283.0 2101.0 2107.0 2058.0 2153.0 2279.0 2242.0 2118.0 2074.0 2193.0 2079.0 2225.0 2242.0 2173.0 2166.0 2209.0 2248.0 2223.0 2179.0 2224.0 2176.0 2125.0 2125.0 2053.0 2041.0 2018.0 2064.0 2179.0 2159.0 2116.0 2205.0 2215.0 2216.0 2125.0 2216.0 2241.0 2172.0 2120.0 2095.0 2094.0 2088.0 2124.0 2141.0 2140.0 2129.0 2126.0 2110.0 2067.0 2039.0 2057.0 2068.0 2076.0 2108.0 2086.0 2006.0 1839.0 1842.0 1856.0 1580.0 1341.0 1320.0 1255.0 1195.0 1181.0 1134.0 1114.0 1057.0
2544.0 2544.0 2105.0 1864.0 2125.0 2321.0 2197.0 2127.0 2218.0 2488.0 2857.0 2511.0 2546.0 2338.0 2098.0 2090.0 2357.0 2065.0 2200.0 2229.0 2089.0 2074.0 2199.0 2063.0 2225.0 2251.0 2168.0 2168.0 2083.0 2125.0 2123.0 2126.0 2225.0 2200.0 2132.0 2223.0 2046.0 1996.0 2069.0 2036.0 2104.0 2166.0 2115.0 2203.0 2240.0 2231.0 2176.0 2223.0 2242.0 2169.0 2127.0 2088.0 2093.0 2050.0 2016.0 2147.0 2144.0 2074.0 2129.0 2125.0 2138.0 2139.0 2065.0 2051.0 2048.0 2065.0 2075.0 2003.0 1875.0 1946.0 1867.0 1726.0 1481.0 1337.0 1246.0 1193.0 1173.0 1125.0 1104.0 1053.0
2426.0 2342.0 2369.0 2418.0 2242.0 2046.0 2141.0 2015.0 2078.0 2234.0 2349.0 2288.0 2289.0 2220.0 2056.0 2111.0 2490.0 2065.0 2161.0 2107.0 2065.0 2066.0 2196.0 2405.0 2222.0 2265.0 2178.0 2184.0 2281.0 2255.0 2106.0 1968.0 1977.0 2067.0 2134.0 2362.0 2166.0 2130.0 2160.0 2086.0 2103.0 2138.0 2109.0 2185.0 2131.0 2169.0 2196.0 2133.0 2130.0 2137.0 2124.0 2109.0 2164.0 2081.0 2016.0 2150.0 2144.0 2149.0 2134.0 2109.0 2142.0 2157.0 2101.0 2050.0 2049.0 2001.0 2036.0 2030.0 2051.0 2036.0 1862.0 1848.0 1734.0 1565.0 1253.0 1202.0 1186.0 1120.0 1105.0 1047.0
