1407.0 1406.0 1249.0 1281.0 1252.0 1195.0 1190.0 1354.0 1554.0 1539.0 1272.0 1399.0 1534.0 1689.0 1792.0 1783.0 1653.0 1703.0 1783.0 1778.0 1719.0 1708.0 1737.0 1828.0 1961.0 1707.0 1831.0 1986.0 1970.0 1893.0 1907.0 1923.0 1918.0 2023.0 2044.0 2023.0 2125.0 2116.0 2050.0 2058.0 2040.0 2091.0 2038.0 2030.0 2079.0 2076.0 2091.0 2087.0 2097.0 2083.0 2085.0 2103.0 2070.0 2056.0 2082.0 2079.0 2100.0 2099.0 2112.0 2133.0 2113.0 2107.0 2087.0 2092.0 2097.0 2030.0 2025.0 2097.0 2119.0 2098.0 1996.0 1987.0 2029.0 2027.0 1998.0 1982.0 1928.0 1796.0 1792.0 1644.0
1020.0 1088.0 1061.0 1030.0 1034.0 1049.0 1071.0 1209.0 1344.0 1384.0 1379.0 1570.0 1654.0 1651.0 1660.0 1791.0 1780.0 1799.0 1679.0 1621.0 1623.0 1678.0 1731.0 1765.0 1810.0 1669.0 1909.0 1959.0 1890.0 1853.0 1875.0 1966.0 1920.0 1826.0 1982.0 2023.0 2117.0 2039.0 1989.0 2089.0 2025.0 2089.0 2047.0 2079.0 2076.0 2073.0 2097.0 2083.0 2061.0 2052.0 2060.0 2113.0 2090.0 2096.0 2117.0 2107.0 2085.0 2026.0 2099.0 2128.0 2128.0 2124.0 2128.0 2124.0 2122.0 2073.0 2006.0 2073.0 2082.0 2017.0 1994.0 1992.0 1998.0 2009.0 1979.0 1921.0 1866.0 1803.0 1791.0 1737.0
768.0 771.0 773.0 774.0 781.0 827.0 1071.0 1106.0 1105.0 1109.0 1379.0 1570.0 1419.0 1370.0 1527.0 1683.0 1780.0 1799.0 1672.0 1632.0 1632.0 1676.0 1823.0 1889.0 1691.0 1785.0 1916.0 1796.0 1798.0 1893.0 1892.0 1877.0 1920.0 1955.0 1884.0 2131.0 2117.0 1884.0 1914.0 2026.0 1999.0 1909.0 2052.0 2100.0 2069.0 2065.0 2100.0 2084.0 2057.0 2051.0 2073.0 2111.0 2098.0 2101.0 2120.0 2112.0 2091.0 2113.0 2117.0 2126.0 2125.0 2122.0 2125.0 2119.0 2122.0 2070.0 2006.0 2066.0 2082.0 2019.0 1991.0 2013.0 2015.0 2015.0 1975.0 1935.0 1857.0 1800.0 1798.0 1738.0
447.0 447.0 504.0 510.0 571.0 707.0 714.0 784.0 858.0 1030.0 1235.0 1295.0 1307.0 1344.0 1522.0 1685.0 1629.0 1670.0 1674.0 1648.0 1644.0 1676.0 1810.0 1641.0 1801.0 1766.0 1921.0 1854.0 1894.0 1906.0 1895.0 1868.0 1882.0 1960.0 1883.0 2036.0 1846.0 1887.0 1937.0 2025.0 1985.0 1916.0 2054.0 2108.0 2061.0 2060.0 2096.0 2090.0 2052.0 2047.0 2087.0 2111.0 2090.0 2093.0 2125.0 2131.0 2112.0 2122.0 2127.0 2115.0 2102.0 2109.0 2105.0 2094.0 2031.0 2037.0 2095.0 2062.0 2138.0 2127.0 2027.0 2016.0 2029.0 2011.0 1974.0 1948.0 1856.0 1790.0 1797.0 1733.0
445.0 438.0 438.0 424.0 437.0 450.0 479.0 513.0 673.0 774.0 904.0 1057.0 1210.0 1344.0 1522.0 1663.0 1629.0 1670.0 1667.0 1647.0 1644.0 1631.0 1745.0 1779.0 1861.0 1772.0 1776.0 1793.0 1894.0 1893.0 1771.0 1788.0 1790.0 1886.0 1812.0 1939.0 1846.0 1983.0 2022.0 2048.0 1982.0 1980.0 2043.0 2100.0 2060.0 2092.0 2099.0 2077.0 2048.0 2048.0 2083.0 2091.0 2095.0 2099.0 2122.0 2095.0 2090.0 2111.0 2133.0 2122.0 2110.0 2119.0 2122.0 2102.0 1926.0 1971.0 2108.0 2180.0 2146.0 2055.0 1967.0 1961.0 2023.0 2012.0 1973.0 1929.0 1868.0 1792.0 1792.0 1735.0
444.0 461.0 505.0 494.0 433.0 436.0 392.0 415.0 478.0 523.0 651.0 813.0 1004.0 1198.0 1370.0 1372.0 1530.0 1552.0 1552.0 1521.0 1553.0 1606.0 1543.0 1779.0 1810.0 1779.0 1778.0 1787.0 1792.0 1793.0 1786.0 1806.0 1754.0 1843.0 1769.0 1781.0 1882.0 1983.0 1967.0 2000.0 1948.0 1918.0 1988.0 1985.0 2036.0 2071.0 2089.0 2067.0 2034.0 2059.0 2090.0 2056.0 2079.0 2093.0 2058.0 2059.0 2086.0 2108.0 2095.0 2074.0 2107.0 2118.0 2074.0 2035.0 2031.0 2006.0 2122.0 2180.0 2129.0 2002.0 1973.0 2001.0 2013.0 2006.0 1975.0 1891.0 1859.0 1792.0 1774.0 1728.0
349.0 321.0 319.0 347.0 431.0 465.0 479.0 512.0 510.0 509.0 540.0 568.0 765.0 960.0 960.0 1130.0 1138.0 1146.0 1274.0 1521.0 1648.0 1502.0 1564.0 1632.0 1580.0 1655.0 1658.0 1687.0 1684.0 1635.0 1760.0 1858.0 1729.0 1856.0 1754.0 1754.0 1878.0 1889.0 1901.0 1961.0 1899.0 1916.0 2005.0 1985.0 1997.0 2048.0 2093.0 2094.0 2048.0 2025.0 2028.0 2061.0 2071.0 2082.0 2128.0 2140.0 2106.0 2097.0 2079.0 2053.0 2058.0 2103.0 2095.0 2089.0 2046.0 2109.0 2103.0 2044.0 2133.0 2127.0 1962.0 1967.0 2019.0 1990.0 1971.0 1860.0 1829.0 1771.0 1765.0 1709.0
349.0 375.0 345.0 338.0 343.0 359.0 383.0 411.0 505.0 524.0 555.0 565.0 574.0 758.0 813.0 767.0 776.0 826.0 847.0 1051.0 1293.0 1431.0 1486.0 1602.0 1695.0 1655.0 1653.0 1687.0 1684.0 1593.0 1664.0 1840.0 1720.0 1813.0 1753.0 1931.0 1872.0 1889.0 1950.0 1964.0 1892.0 1973.0 2040.0 2016.0 1990.0 2038.0 2018.0 1980.0 2038.0 2072.0 2085.0 2084.0 2064.0 2089.0 2097.0 2093.0 2133.0 2137.0 2135.0 2065.0 2052.0 2048.0 2044.0 2039.0 2053.0 2114.0 2110.0 2033.0 2027.0 2057.0 2000.0 2004.0 2046.0 2032.0 1971.0 1883.0 1852.0 1779.0 1764.0 1710.0
440.0 435.0 424.0 389.0 347.0 339.0 333.0 339.0 344.0 452.0 548.0 565.0 540.0 558.0 751.0 765.0 778.0 827.0 843.0 839.0 869.0 989.0 1127.0 1127.0 1405.0 1426.0 1426.0 1500.0 1519.0 1574.0 1664.0 1772.0 1697.0 1622.0 1751.0 1945.0 1877.0 1890.0 1955.0 1930.0 1863.0 1898.0 2005.0 2019.0 1980.0 1953.0 2009.0 1975.0 1970.0 2024.0 2028.0 2037.0 2033.0 2020.0 2051.0 2093.0 2120.0 2145.0 2126.0 2064.0 2040.0 2052.0 2063.0 2030.0 2039.0 2005.0 2022.0 2039.0 1995.0 2000.0 1966.0 2002.0 2041.0 2011.0 1964.0 1913.0 1868.0 1791.0 1767.0 1680.0
401.0 379.0 397.0 398.0 386.0 360.0 348.0 341.0 338.0 333.0 353.0 416.0 500.0 568.0 599.0 744.0 752.0 756.0 830.0 839.0 869.0 839.0 865.0 891.0 999.0 1034.0 1100.0 1148.0 1172.0 1305.0 1523.0 1581.0 1584.0 1587.0 1736.0 1776.0 1916.0 1878.0 1914.0 1888.0 1864.0 1879.0 1992.0 2015.0 1974.0 1950.0 1964.0 1967.0 1969.0 2013.0 2015.0 2074.0 2089.0 2087.0 2034.0 2035.0 2114.0 2108.0 2187.0 2226.0 2102.0 2072.0 2065.0 2097.0 2092.0 2004.0 2024.0 2083.0 2120.0 1949.0 1928.0 1998.0 2019.0 1997.0 1986.0 1943.0 1852.0 1801.0 1718.0 1677.0
348.0 332.0 325.0 347.0 381.0 374.0 378.0 389.0 389.0 442.0 418.0 412.0 469.0 514.0 581.0 586.0 604.0 650.0 690.0 716.0 769.0 788.0 861.0 891.0 879.0 876.0 879.0 888.0 901.0 970.0 1048.0 1219.0 1373.0 1568.0 1718.0 1730.0 1923.0 1889.0 1937.0 1947.0 1965.0 1900.0 1921.0 1937.0 1977.0 1983.0 1966.0 1955.0 1972.0 2014.0 2023.0 2043.0 2051.0 2076.0 2031.0 2011.0 2039.0 2125.0 2068.0 2045.0 2050.0 2101.0 2076.0 2008.0 2014.0 2013.0 2017.0 2018.0 1995.0 1949.0 1947.0 2015.0 2037.0 2023.0 1974.0 1895.0 1819.0 1756.0 1704.0 1685.0
344.0 336.0 327.0 324.0 346.0 365.0 375.0 374.0 374.0 450.0 459.0 438.0 477.0 489.0 574.0 585.0 567.0 594.0 657.0 690.0 757.0 771.0 829.0 850.0 877.0 874.0 863.0 857.0 875.0 890.0 902.0 928.0 1007.0 1246.0 1410.0 1726.0 1851.0 1833.0 1819.0 1888.0 1965.0 1940.0 1928.0 1936.0 1959.0 1966.0 1952.0 1965.0 1976.0 2004.0 2017.0 2000.0 2024.0 2016.0 2001.0 2027.0 2039.0 2030.0 2063.0 2057.0 2045.0 2049.0 2067.0 2066.0 2105.0 2123.0 2027.0 2049.0 2038.0 1949.0 2010.0 2043.0 2059.0 2010.0 1929.0 1892.0 1848.0 1788.0 1723.0 1672.0
330.0 335.0 344.0 349.0 339.0 337.0 331.0 360.0 348.0 335.0 346.0 362.0 390.0 433.0 456.0 504.0 553.0 574.0 629.0 681.0 689.0 707.0 741.0 764.0 787.0 803.0 828.0 845.0 869.0 890.0 902.0 928.0 1007.0 960.0 1121.0 1369.0 1586.0 1781.0 1819.0 1803.0 1860.0 1953.0 1963.0 1923.0 1957.0 1976.0 1960.0 1968.0 2009.0 2019.0 2019.0 2022.0 2021.0 2006.0 2021.0 2031.0 2026.0 2030.0 2038.0 2049.0 2059.0 2050.0 2060.0 2058.0 2019.0 2030.0 2032.0 2048.0 2044.0 2053.0 2049.0 2031.0 2034.0 2002.0 1927.0 1855.0 1795.0 1790.0 1755.0 1673.0
315.0 292.0 314.0 321.0 324.0 331.0 331.0 334.0 366.0 395.0 410.0 412.0 398.0 428.0 454.0 494.0 554.0 578.0 624.0 647.0 649.0 689.0 712.0 760.0 781.0 768.0 763.0 771.0 778.0 801.0 819.0 864.0 883.0 963.0 963.0 1088.0 1298.0 1483.0 1784.0 1884.0 1857.0 1868.0 1925.0 1929.0 1948.0 1970.0 1936.0 1933.0 2000.0 2009.0 1934.0 1922.0 2028.0 2008.0 1993.0 2008.0 2024.0 1973.0 1955.0 2032.0 2014.0 2022.0 2059.0 2036.0 2016.0 2003.0 1996.0 2035.0 2038.0 2006.0 2010.0 2020.0 2034.0 2020.0 1968.0 1898.0 1830.0 1804.0 1765.0 1674.0
319.0 287.0 282.0 316.0 331.0 339.0 330.0 375.0 370.0 380.0 381.0 401.0 410.0 425.0 442.0 481.0 551.0 571.0 615.0 645.0 647.0 681.0 664.0 675.0 705.0 751.0 759.0 765.0 764.0 789.0 814.0 865.0 881.0 949.0 950.0 951.0 932.0 1014.0 1439.0 1803.0 1850.0 1850.0 1851.0 1919.0 1890.0 1882.0 1951.0 1959.0 1998.0 1964.0 1898.0 1922.0 2032.0 2059.0 2002.0 2006.0 2045.0 2027.0 2026.0 2040.0 2008.0 1987.0 2004.0 2070.0 2103.0 2030.0 2030.0 2036.0 2043.0 2053.0 2052.0 2031.0 2027.0 2009.0 1954.0 1897.0 1838.0 1807.0 1761.0 1673.0
333.0 335.0 327.0 315.0 336.0 357.0 332.0 381.0 390.0 397.0 386.0 370.0 396.0 404.0 404.0 459.0 553.0 582.0 620.0 683.0 669.0 664.0 659.0 672.0 689.0 712.0 738.0 753.0 739.0 748.0 791.0 784.0 833.0 847.0 882.0 950.0 982.0 1008.0 1121.0 1495.0 1744.0 1744.0 1849.0 1892.0 1868.0 1954.0 1962.0 1969.0 1981.0 1991.0 1996.0 1989.0 2019.0 2041.0 2000.0 1991.0 2015.0 2027.0 2073.0 2029.0 2001.0 2037.0 2050.0 2066.0 2020.0 2024.0 2031.0 2026.0 2039.0 2010.0 2002.0 2037.0 2036.0 2007.0 1935.0 1882.0 1841.0 1791.0 1748.0 1669.0
330.0 335.0 334.0 317.0 325.0 348.0 389.0 369.0 383.0 396.0 402.0 392.0 387.0 395.0 401.0 462.0 558.0 617.0 647.0 678.0 674.0 681.0 660.0 671.0 684.0 694.0 701.0 709.0 727.0 727.0 755.0 778.0 828.0 839.0 878.0 878.0 913.0 934.0 969.0 1139.0 1462.0 1742.0 1855.0 1917.0 1867.0 1887.0 1952.0 1964.0 1952.0 1967.0 2012.0 1989.0 1944.0 1988.0 1986.0 1948.0 1950.0 1962.0 2022.0 1997.0 1999.0 2018.0 2045.0 2034.0 2010.0 2024.0 2035.0 2040.0 2037.0 2013.0 1991.0 2024.0 2039.0 2011.0 1960.0 1895.0 1817.0 1789.0 1763.0 1678.0
328.0 339.0 342.0 368.0 356.0 354.0 391.0 382.0 380.0 394.0 402.0 406.0 398.0 399.0 415.0 474.0 556.0 580.0 611.0 637.0 640.0 650.0 663.0 670.0 679.0 690.0 696.0 699.0 710.0 720.0 741.0 775.0 782.0 798.0 802.0 837.0 877.0 889.0 927.0 984.0 1152.0 1589.0 1852.0 1905.0 1936.0 1955.0 1932.0 1926.0 1962.0 1945.0 1932.0 1927.0 1970.0 2004.0 1979.0 1953.0 1956.0 2004.0 2016.0 2003.0 2016.0 2028.0 2009.0 1964.0 1968.0 2016.0 2027.0 2027.0 2026.0 2010.0 1990.0 2026.0 2038.0 2015.0 1975.0 1890.0 1791.0 1782.0 1755.0 1667.0
327.0 340.0 340.0 375.0 395.0 387.0 389.0 398.0 398.0 395.0 395.0 405.0 406.0 402.0 416.0 463.0 545.0 565.0 536.0 603.0 596.0 603.0 653.0 675.0 686.0 690.0 696.0 700.0 702.0 708.0 722.0 750.0 769.0 791.0 798.0 828.0 850.0 884.0 914.0 984.0 1092.0 1435.0 1809.0 1902.0 1940.0 1950.0 1945.0 1965.0 1949.0 1936.0 1943.0 1950.0 1958.0 1992.0 1985.0 1947.0 1964.0 1985.0 2020.0 2000.0 1986.0 1998.0 1997.0 1972.0 2001.0 2026.0 2018.0 2008.0 2035.0 2021.0 1977.0 1955.0 2016.0 2006.0 1948.0 1866.0 1775.0 1779.0 1746.0 1668.0
327.0 330.0 332.0 348.0 380.0 395.0 396.0 395.0 399.0 398.0 396.0 402.0 393.0 394.0 414.0 458.0 499.0 500.0 529.0 497.0 529.0 556.0 634.0 670.0 683.0 690.0 695.0 700.0 704.0 707.0 715.0 726.0 756.0 774.0 773.0 803.0 819.0 852.0 848.0 884.0 1058.0 1257.0 1508.0 1840.0 1890.0 1889.0 1920.0 1966.0 1971.0 1941.0 1943.0 1980.0 1952.0 1955.0 1992.0 1982.0 2001.0 1970.0 1960.0 1992.0 1986.0 1963.0 1984.0 1987.0 2002.0 2018.0 2024.0 2012.0 2029.0 2026.0 2021.0 2025.0 2014.0 1983.0 1918.0 1878.0 1818.0 1789.0 1743.0 1656.0
330.0 321.0 331.0 333.0 347.0 372.0 395.0 371.0 363.0 382.0 395.0 402.0 389.0 397.0 433.0 483.0 509.0 498.0 455.0 497.0 542.0 639.0 671.0 682.0 684.0 687.0 692.0 701.0 709.0 710.0 717.0 722.0 735.0 737.0 762.0 783.0 800.0 801.0 837.0 877.0 1029.0 1150.0 1515.0 1875.0 1873.0 1897.0 1924.0 1940.0 1943.0 1939.0 1929.0 1924.0 1940.0 1929.0 1958.0 1947.0 1974.0 1964.0 1967.0 1996.0 1989.0 2010.0 2006.0 1980.0 2000.0 2002.0 2017.0 2006.0 2010.0 2025.0 2025.0 2025.0 2033.0 2001.0 1919.0 1861.0 1796.0 1784.0 1741.0 1643.0
328.0 319.0 338.0 348.0 361.0 373.0 385.0 352.0 350.0 361.0 393.0 406.0 411.0 443.0 519.0 512.0 497.0 479.0 455.0 473.0 426.0 520.0 675.0 697.0 690.0 689.0 692.0 701.0 707.0 707.0 716.0 716.0 709.0 718.0 732.0 763.0 789.0 785.0 811.0 865.0 1003.0 1091.0 1504.0 1892.0 1890.0 1904.0 1936.0 1943.0 1949.0 1939.0 1926.0 1935.0 1963.0 1924.0 1983.0 1964.0 1975.0 1973.0 1983.0 1988.0 1981.0 2005.0 2008.0 1973.0 1997.0 2001.0 2021.0 2034.0 2007.0 2009.0 1944.0 1950.0 2014.0 1982.0 1906.0 1859.0 1760.0 1744.0 1738.0 1657.0
323.0 318.0 333.0 356.0 384.0 397.0 404.0 414.0 413.0 398.0 393.0 412.0 432.0 447.0 529.0 552.0 542.0 531.0 542.0 543.0 617.0 691.0 697.0 696.0 694.0 689.0 691.0 703.0 706.0 704.0 710.0 712.0 710.0 718.0 719.0 715.0 725.0 755.0 801.0 857.0 1004.0 1080.0 1483.0 1897.0 1893.0 1905.0 1928.0 1946.0 1946.0 1933.0 1940.0 1920.0 1965.0 1988.0 1969.0 1959.0 1987.0 1996.0 1971.0 1928.0 1907.0 1993.0 1997.0 1957.0 1998.0 1998.0 2027.0 2046.0 2003.0 1974.0 1928.0 1948.0 2012.0 1972.0 1898.0 1861.0 1765.0 1747.0 1736.0 1660.0
322.0 323.0 327.0 343.0 366.0 376.0 398.0 388.0 410.0 427.0 440.0 452.0 471.0 515.0 545.0 559.0 564.0 551.0 573.0 605.0 643.0 687.0 694.0 691.0 689.0 694.0 697.0 704.0 706.0 706.0 713.0 717.0 710.0 714.0 715.0 711.0 719.0 735.0 792.0 869.0 1020.0 1079.0 1462.0 1885.0 1893.0 1913.0 1930.0 1921.0 1875.0 1883.0 1918.0 1924.0 1970.0 1934.0 1930.0 1966.0 1986.0 2004.0 1970.0 1944.0 1911.0 1932.0 1949.0 1948.0 1998.0 2011.0 2041.0 2038.0 2000.0 1971.0 1937.0 1948.0 1987.0 1973.0 1914.0 1868.0 1810.0 1792.0 1734.0 1656.0
347.0 404.0 409.0 413.0 425.0 424.0 393.0 366.0 354.0 366.0 384.0 406.0 436.0 509.0 540.0 545.0 561.0 566.0 578.0 608.0 656.0 678.0 677.0 679.0 681.0 686.0 691.0 706.0 712.0 727.0 720.0 713.0 708.0 715.0 710.0 700.0 700.0 726.0 820.0 873.0 1032.0 1200.0 1517.0 1872.0 1892.0 1905.0 1931.0 1937.0 1922.0 1941.0 1924.0 1904.0 1963.0 1932.0 1928.0 1964.0 1980.0 1987.0 1964.0 1918.0 1900.0 1903.0 1944.0 1961.0 1996.0 2011.0 2034.0 2011.0 2000.0 1974.0 1935.0 1940.0 1913.0 1923.0 1917.0 1868.0 1804.0 1756.0 1722.0 1655.0
347.0 337.0 353.0 360.0 372.0 404.0 409.0 425.0 419.0 415.0 425.0 454.0 473.0 516.0 540.0 549.0 561.0 558.0 576.0 596.0 646.0 686.0 686.0 692.0 698.0 696.0 698.0 715.0 742.0 756.0 746.0 819.0 824.0 719.0 728.0 781.0 795.0 809.0 1003.0 1122.0 1114.0 1231.0 1532.0 1879.0 1895.0 1938.0 1970.0 1956.0 1956.0 1981.0 1955.0 1912.0 1934.0 1926.0 1901.0 1954.0 1981.0 1944.0 1963.0 1915.0 1899.0 1896.0 1937.0 1950.0 1957.0 1997.0 2018.0 2008.0 2003.0 1980.0 1943.0 1969.0 1942.0 1924.0 1912.0 1865.0 1766.0 1722.0 1717.0 1661.0
319.0 324.0 338.0 352.0 361.0 362.0 359.0 382.0 415.0 429.0 438.0 433.0 457.0 513.0 540.0 545.0 530.0 525.0 540.0 544.0 669.0 838.0 851.0 807.0 714.0 712.0 713.0 721.0 743.0 789.0 842.0 821.0 824.0 866.0 927.0 940.0 921.0 964.0 1003.0 1009.0 1039.0 1246.0 1651.0 1897.0 1900.0 1967.0 1968.0 1954.0 1954.0 1953.0 1952.0 1929.0 1952.0 1931.0 1909.0 1953.0 1944.0 1932.0 1965.0 1949.0 1935.0 1938.0 1943.0 1944.0 1938.0 1944.0 1940.0 1983.0 1999.0 1972.0 1943.0 1974.0 1991.0 1947.0 1872.0 1864.0 1791.0 1724.0 1717.0 1667.0
340.0 362.0 370.0 368.0 369.0 364.0 351.0 371.0 399.0 409.0 393.0 401.0 449.0 502.0 507.0 439.0 454.0 452.0 450.0 499.0 772.0 986.0 1022.0 1012.0 990.0 951.0 882.0 861.0 875.0 846.0 849.0 864.0 962.0 1086.0 1152.0 1135.0 1126.0 1168.0 1187.0 1122.0 1152.0 1489.0 1879.0 1914.0 1895.0 1937.0 1927.0 1953.0 1957.0 1954.0 1949.0 1977.0 1965.0 1936.0 1951.0 1944.0 1947.0 1945.0 1962.0 1948.0 1953.0 1941.0 1949.0 1943.0 1952.0 1966.0 1950.0 1976.0 1995.0 1974.0 1934.0 1960.0 1972.0 1927.0 1865.0 1865.0 1807.0 1720.0 1701.0 1652.0
344.0 333.0 335.0 317.0 326.0 343.0 349.0 360.0 353.0 354.0 370.0 388.0 377.0 366.0 380.0 369.0 442.0 452.0 448.0 593.0 1205.0 1220.0 1200.0 1200.0 1199.0 1193.0 1195.0 1117.0 1113.0 1055.0 1058.0 1088.0 1140.0 1170.0 1251.0 1253.0 1272.0 1418.0 1541.0 1458.0 1419.0 1605.0 1905.0 1932.0 1922.0 1946.0 1930.0 1927.0 1955.0 1979.0 1950.0 1928.0 1957.0 1960.0 1979.0 1964.0 1979.0 1993.0 1972.0 1932.0 1948.0 1937.0 1949.0 1954.0 1971.0 1995.0 2014.0 2009.0 2004.0 2004.0 1944.0 1932.0 1922.0 1867.0 1863.0 1853.0 1796.0 1720.0 1708.0 1656.0
331.0 293.0 186.0 179.0 180.0 197.0 177.0 222.0 242.0 250.0 253.0 288.0 319.0 353.0 369.0 340.0 402.0 424.0 409.0 1093.0 1704.0 1543.0 1375.0 1337.0 1339.0 1393.0 1536.0 1492.0 1374.0 1366.0 1467.0 1451.0 1470.0 1450.0 1477.0 1500.0 1553.0 1734.0 1770.0 1684.0 1559.0 1738.0 1930.0 1945.0 1952.0 1956.0 1974.0 1928.0 1933.0 1968.0 1946.0 1929.0 1955.0 1971.0 1979.0 1981.0 1978.0 1993.0 1988.0 1967.0 1948.0 1938.0 1934.0 1933.0 1942.0 1960.0 2016.0 2018.0 1996.0 1979.0 1884.0 1793.0 1768.0 1822.0 1869.0 1850.0 1727.0 1688.0 1700.0 1639.0
325.0 213.0 158.0 139.0 132.0 135.0 163.0 202.0 240.0 250.0 253.0 285.0 318.0 310.0 264.0 330.0 445.0 499.0 907.0 1527.0 1729.0 1682.0 1577.0 1552.0 1571.0 1675.0 1785.0 1772.0 1652.0 1648.0 1794.0 1773.0 1769.0 1771.0 1773.0 1778.0 1783.0 1777.0 1783.0 1684.0 1709.0 1875.0 1951.0 1931.0 1902.0 1941.0 1965.0 1923.0 1921.0 1956.0 1945.0 1989.0 1959.0 1960.0 1994.0 1989.0 1972.0 1962.0 1987.0 1995.0 1955.0 1939.0 1929.0 1900.0 1941.0 2006.0 2016.0 2006.0 1978.0 1966.0 1888.0 1794.0 1768.0 1852.0 1914.0 1852.0 1719.0 1675.0 1685.0 1614.0
330.0 208.0 154.0 134.0 129.0 127.0 163.0 220.0 243.0 250.0 253.0 271.0 189.0 196.0 259.0 347.0 552.0 918.0 1591.0 1610.0 1728.0 1804.0 1821.0 1811.0 1830.0 1847.0 1860.0 1842.0 1845.0 1835.0 1853.0 1921.0 1908.0 1865.0 1893.0 1910.0 1784.0 1744.0 1788.0 1908.0 1903.0 1889.0 1931.0 1903.0 1932.0 2003.0 1932.0 1913.0 1928.0 1959.0 1979.0 1990.0 1962.0 1966.0 2001.0 1993.0 1947.0 1943.0 1951.0 1964.0 1957.0 1940.0 1949.0 1927.0 1971.0 2011.0 2014.0 1992.0 1990.0 2001.0 1944.0 1918.0 1922.0 1941.0 1918.0 1855.0 1756.0 1717.0 1695.0 1641.0
528.0 528.0 335.0 312.0 307.0 197.0 164.0 199.0 210.0 165.0 164.0 207.0 189.0 238.0 379.0 520.0 747.0 1357.0 1723.0 1803.0 1882.0 1896.0 1879.0 1839.0 1843.0 1861.0 1886.0 1871.0 1865.0 1883.0 1894.0 1924.0 1918.0 1866.0 1912.0 1956.0 1782.0 1769.0 1829.0 1951.0 1946.0 1878.0 1909.0 1908.0 1966.0 2004.0 1931.0 1920.0 1946.0 1965.0 1985.0 1991.0 1964.0 1968.0 1969.0 1961.0 1931.0 1887.0 1894.0 1915.0 1951.0 1939.0 1910.0 1925.0 1977.0 2002.0 2013.0 2010.0 2008.0 2005.0 1922.0 1901.0 1923.0 1924.0 1888.0 1736.0 1723.0 1728.0 1701.0 1646.0
1251.0 1096.0 1096.0 1087.0 1026.0 869.0 604.0 595.0 476.0 468.0 478.0 599.0 782.0 797.0 877.0 945.0 1267.0 1794.0 1811.0 1831.0 1883.0 1902.0 1885.0 1826.0 1826.0 1888.0 1886.0 1879.0 1904.0 1906.0 1916.0 1922.0 1917.0 1937.0 1918.0 1948.0 1923.0 1944.0 1944.0 1959.0 1956.0 1915.0 1944.0 1959.0 1965.0 1950.0 1924.0 1929.0 1922.0 1955.0 1959.0 1978.0 1949.0 1931.0 1960.0 1954.0 1957.0 1940.0 1898.0 1913.0 1952.0 1934.0 1894.0 1912.0 1952.0 1945.0 1939.0 1971.0 1982.0 1979.0 1887.0 1881.0 1898.0 1906.0 1878.0 1734.0 1709.0 1714.0 1703.0 1643.0
1387.0 1387.0 1641.0 1642.0 1597.0 1636.0 1482.0 1618.0 1664.0 1609.0 1528.0 1685.0 1648.0 1688.0 1687.0 1670.0 1745.0 1815.0 1811.0 1611.0 1832.0 1837.0 1889.0 1902.0 1900.0 1900.0 1903.0 1882.0 1880.0 1955.0 1921.0 1900.0 1959.0 1876.0 1914.0 1959.0 1954.0 1969.0 1989.0 1979.0 1985.0 1976.0 1962.0 1967.0 1966.0 1942.0 1927.0 1935.0 1868.0 1903.0 1927.0 1925.0 1895.0 1892.0 1977.0 1981.0 1987.0 1968.0 1933.0 1899.0 1953.0 1942.0 1929.0 1920.0 1937.0 1940.0 1936.0 1946.0 1946.0 1944.0 1897.0 1895.0 1931.0 1936.0 1896.0 1867.0 1745.0 1723.0 1714.0 1645.0
1904.0 1825.0 1675.0 1764.0 1872.0 1867.0 1679.0 1691.0 1742.0 1805.0 1814.0 1676.0 1770.0 1906.0 1863.0 1815.0 1816.0 1817.0 1892.0 1824.0 1934.0 1912.0 1901.0 1895.0 1901.0 1895.0 1887.0 1871.0 1857.0 1996.0 1917.0 1886.0 1933.0 1953.0 1916.0 1920.0 1927.0 1965.0 1986.0 1962.0 1957.0 1964.0 1950.0 1948.0 1944.0 1945.0 1932.0 1895.0 1866.0 1912.0 1926.0 1922.0 1895.0 1894.0 1952.0 1961.0 1938.0 1896.0 1896.0 1890.0 1872.0 1945.0 1953.0 1930.0 1956.0 1949.0 1937.0 1961.0 1937.0 1890.0 1907.0 1908.0 1895.0 1891.0 1895.0 1878.0 1853.0 1757.0 1713.0 1642.0
1669.0 1590.0 1645.0 1650.0 1597.0 1456.0 1679.0 1690.0 1783.0 1931.0 1928.0 1678.0 1833.0 1904.0 1955.0 1940.0 1826.0 1837.0 1893.0 1638.0 1892.0 1919.0 1901.0 1870.0 1904.0 1902.0 1882.0 1965.0 1989.0 1976.0 1961.0 1913.0 1965.0 1958.0 1980.0 1963.0 1923.0 1966.0 1993.0 1967.0 1960.0 1971.0 1977.0 1973.0 1965.0 1967.0 1983.0 1895.0 1869.0 1887.0 1901.0 1901.0 1897.0 1890.0 1874.0 1952.0 1933.0 1916.0 1898.0 1898.0 1869.0 1919.0 1902.0 1916.0 1948.0 1947.0 1935.0 1942.0 1919.0 1890.0 1895.0 1892.0 1881.0 1887.0 1893.0 1876.0 1855.0 1767.0 1719.0 1647.0
1664.0 1667.0 1406.0 1623.0 1776.0 1670.0 1200.0 1377.0 1498.0 1658.0 1928.0 1689.0 1772.0 1848.0 1867.0 1842.0 1792.0 1797.0 1890.0 1828.0 1847.0 1920.0 1851.0 1862.0 1915.0 1893.0 1901.0 1977.0 1967.0 1984.0 1911.0 1902.0 1974.0 2003.0 1990.0 1986.0 1964.0 1984.0 1994.0 1963.0 1980.0 2014.0 2013.0 2017.0 1965.0 1951.0 1985.0 1940.0 1821.0 1679.0 1686.0 1747.0 1895.0 1926.0 1870.0 1942.0 1990.0 1990.0 1945.0 1921.0 1867.0 1758.0 1706.0 1748.0 1827.0 1901.0 1902.0 1862.0 1887.0 1891.0 1891.0 1889.0 1891.0 1891.0 1866.0 1847.0 1828.0 1753.0 1713.0 1643.0
1615.0 1590.0 1615.0 1762.0 1764.0 1656.0 1505.0 1502.0 1661.0 1841.0 1846.0 1726.0 1908.0 1902.0 1864.0 1896.0 1939.0 1886.0 1892.0 1911.0 1948.0 1860.0 1837.0 1870.0 1932.0 1951.0 1895.0 1968.0 1929.0 1873.0 2058.0 1949.0 1943.0 1978.0 1993.0 1952.0 1953.0 1967.0 1967.0 1972.0 1980.0 1956.0 1979.0 1985.0 1964.0 1946.0 1929.0 1749.0 1525.0 1507.0 1513.0 1530.0 1772.0 1879.0 1856.0 1843.0 1918.0 1902.0 1896.0 1894.0 1861.0 1649.0 1454.0 1461.0 1612.0 1735.0 1731.0 1724.0 1728.0 1731.0 1726.0 1725.0 1726.0 1725.0 1724.0 1718.0 1729.0 1714.0 1695.0 1625.0
1701.0 1590.0 1647.0 1654.0 1615.0 1670.0 1796.0 1644.0 1653.0 1606.0 1475.0 1654.0 1763.0 1858.0 1953.0 1929.0 1796.0 1788.0 1820.0 1947.0 1984.0 1923.0 1921.0 1867.0 1886.0 1953.0 1973.0 1888.0 1832.0 1975.0 1883.0 2003.0 1934.0 1965.0 1968.0 1933.0 1928.0 1964.0 1965.0 1958.0 1994.0 2020.0 1991.0 1946.0 1874.0 1904.0 1814.0 1467.0 1321.0 1322.0 1355.0 1354.0 1353.0 1381.0 1419.0 1416.0 1387.0 1410.0 1467.0 1687.0 1852.0 1710.0 1434.0 1310.0 1439.0 1631.0 1600.0 1554.0 1512.0 1563.0 1561.0 1560.0 1559.0 1553.0 1554.0 1553.0 1546.0 1543.0 1537.0 1505.0
1695.0 1662.0 1809.0 1772.0 1749.0 1717.0 1796.0 1659.0 1725.0 1820.0 1766.0 1640.0 1904.0 1850.0 1900.0 1931.0 1907.0 1842.0 1679.0 1802.0 1959.0 1838.0 1840.0 1883.0 1926.0 1958.0 1955.0 1885.0 1857.0 1990.0 2080.0 1872.0 1923.0 1952.0 1907.0 1947.0 1965.0 1975.0 1971.0 1966.0 1996.0 2017.0 1988.0 1979.0 1867.0 1654.0 1448.0 1272.0 1276.0 1285.0 1287.0 1168.0 1149.0 1106.0 1098.0 1073.0 1064.0 1077.0 1092.0 1272.0 1539.0 1715.0 1528.0 1310.0 1274.0 1483.0 1600.0 1548.0 1475.0 1441.0 1429.0 1384.0 1429.0 1419.0 1419.0 1418.0 1409.0 1355.0 1393.0 1409.0
1609.0 1795.0 1954.0 1876.0 1772.0 1671.0 1796.0 1643.0 1725.0 1837.0 1846.0 1736.0 1744.0 1844.0 1839.0 1850.0 1902.0 1842.0 1824.0 1794.0 1968.0 1868.0 1845.0 1858.0 1933.0 1991.0 1943.0 1885.0 1878.0 2000.0 1883.0 1952.0 1888.0 1957.0 1927.0 1986.0 1986.0 1942.0 1927.0 1940.0 1911.0 1936.0 1968.0 1863.0 1688.0 1506.0 1284.0 1245.0 1261.0 1262.0 1134.0 1168.0 1149.0 1106.0 1050.0 1058.0 1047.0 1041.0 1044.0 1040.0 1228.0 1512.0 1706.0 1432.0 1231.0 1282.0 1476.0 1547.0 1474.0 1435.0 1421.0 1352.0 1298.0 1291.0 1281.0 1311.0 1311.0 1355.0 1313.0 1300.0
1619.0 1799.0 1715.0 1876.0 1748.0 1522.0 1509.0 1493.0 1578.0 1722.0 1767.0 1637.0 1770.0 1904.0 1859.0 1880.0 1877.0 1795.0 1836.0 1810.0 1871.0 1930.0 1938.0 1903.0 1926.0 1902.0 1927.0 1970.0 1885.0 1960.0 1950.0 1873.0 1946.0 1946.0 1965.0 1997.0 1984.0 1966.0 1956.0 1939.0 1878.0 1931.0 1942.0 1944.0 1688.0 1234.0 1223.0 1231.0 1223.0 1217.0 1134.0 1058.0 1040.0 953.0 1015.0 1043.0 1044.0 1031.0 1008.0 1014.0 1016.0 1230.0 1453.0 1431.0 1230.0 1196.0 1353.0 1436.0 1454.0 1433.0 1425.0 1350.0 1298.0 1282.0 1248.0 1186.0 1174.0 1190.0 1187.0 1184.0
1381.0 1666.0 1980.0 1992.0 1764.0 1463.0 1212.0 1454.0 1434.0 1606.0 1764.0 1752.0 1765.0 1845.0 1884.0 1926.0 1878.0 1788.0 1837.0 1830.0 1984.0 1882.0 1849.0 1950.0 1962.0 1896.0 1930.0 1957.0 1885.0 1889.0 1970.0 1963.0 1915.0 1944.0 1939.0 1948.0 2060.0 1980.0 1932.0 1946.0 1919.0 1928.0 1927.0 1578.0 1217.0 1207.0 1223.0 1229.0 1204.0 1055.0 921.0 916.0 912.0 913.0 918.0 911.0 972.0 998.0 1001.0 1014.0 1016.0 943.0 1007.0 1139.0 1190.0 1196.0 1124.0 1326.0 1431.0 1435.0 1413.0 1342.0 1295.0 1263.0 1216.0 1186.0 1148.0 1093.0 1082.0 1059.0
1616.0 1780.0 1978.0 1774.0 1607.0 1551.0 1515.0 1559.0 1578.0 1615.0 1768.0 1925.0 1622.0 1781.0 1851.0 1921.0 1909.0 1831.0 1912.0 1911.0 1815.0 1877.0 1948.0 1961.0 1958.0 1892.0 1778.0 1770.0 1882.0 1997.0 1950.0 1874.0 1885.0 1978.0 1986.0 1966.0 1934.0 1974.0 1999.0 1937.0 1930.0 1925.0 1491.0 1174.0 1175.0 1194.0 1216.0 1174.0 912.0 901.0 911.0 918.0 912.0 915.0 911.0 898.0 895.0 891.0 882.0 877.0 886.0 903.0 887.0 914.0 930.0 1052.0 1124.0 1214.0 1395.0 1431.0 1391.0 1325.0 1291.0 1262.0 1213.0 1169.0 1129.0 1096.0 1082.0 1045.0
1629.0 1794.0 1978.0 1206.0 1381.0 1672.0 1725.0 1771.0 1935.0 1811.0 1763.0 1788.0 1670.0 1830.0 1787.0 1877.0 1927.0 1921.0 1952.0 1844.0 1657.0 1849.0 1990.0 1997.0 1991.0 1899.0 1807.0 1832.0 1878.0 1865.0 1949.0 1947.0 1923.0 1947.0 1929.0 1959.0 1900.0 1957.0 1928.0 1939.0 1932.0 1911.0 1491.0 1141.0 1170.0 1176.0 1137.0 918.0 896.0 910.0 908.0 892.0 901.0 887.0 887.0 898.0 893.0 849.0 862.0 863.0 854.0 890.0 887.0 761.0 746.0 866.0 1033.0 1033.0 1247.0 1330.0 1332.0 1312.0 1291.0 1263.0 1224.0 1185.0 1138.0 1095.0 1081.0 1040.0
1509.0 1522.0 1682.0 1771.0 1775.0 1763.0 1724.0 1779.0 1688.0 1711.0 1767.0 1766.0 1759.0 1897.0 1786.0 1794.0 1841.0 1895.0 1916.0 1837.0 1839.0 1846.0 1960.0 1959.0 1913.0 1887.0 1821.0 1820.0 1887.0 1882.0 1959.0 2027.0 1886.0 2023.0 1822.0 1852.0 1920.0 1860.0 1813.0 1876.0 1878.0 1526.0 1152.0 1108.0 1108.0 1127.0 1046.0 865.0 897.0 898.0 834.0 845.0 866.0 866.0 866.0 872.0 811.0 825.0 875.0 872.0 845.0 813.0 749.0 627.0 590.0 675.0 885.0 887.0 963.0 1173.0 1320.0 1333.0 1292.0 1272.0 1254.0 1181.0 1119.0 1090.0 1080.0 1042.0
1509.0 1523.0 1700.0 1773.0 1737.0 1665.0 1653.0 1767.0 1708.0 1763.0 1834.0 1919.0 1776.0 1928.0 1890.0 1762.0 1729.0 1788.0 1901.0 1905.0 1884.0 1879.0 1950.0 1948.0 1920.0 1892.0 1827.0 1837.0 1889.0 1867.0 1933.0 1985.0 1920.0 1939.0 1818.0 1960.0 1922.0 1940.0 1936.0 1960.0 1951.0 1424.0 1076.0 1101.0 1089.0 871.0 846.0 847.0 850.0 816.0 828.0 823.0 802.0 816.0 828.0 783.0 791.0 811.0 857.0 867.0 843.0 813.0 619.0 576.0 580.0 620.0 780.0 801.0 834.0 1018.0 1224.0 1295.0 1282.0 1253.0 1230.0 1184.0 1132.0 1093.0 1079.0 1039.0
1611.0 1541.0 1592.0 1771.0 1538.0 1561.0 1671.0 1566.0 1706.0 1624.0 1703.0 1762.0 1706.0 1927.0 1888.0 1761.0 1789.0 1887.0 1900.0 1900.0 1913.0 1893.0 1894.0 1911.0 1913.0 1887.0 1909.0 1955.0 1959.0 1941.0 1958.0 1877.0 1955.0 1913.0 1834.0 1964.0 1926.0 1873.0 1944.0 1944.0 1491.0 1144.0 1073.0 1046.0 895.0 846.0 845.0 847.0 829.0 806.0 821.0 801.0 786.0 759.0 734.0 733.0 788.0 818.0 812.0 746.0 592.0 543.0 535.0 576.0 591.0 613.0 657.0 679.0 714.0 765.0 999.0 1186.0 1279.0 1258.0 1225.0 1165.0 1128.0 1101.0 1080.0 1038.0
1702.0 1590.0 1593.0 1663.0 1616.0 1785.0 1795.0 1433.0 1487.0 1677.0 1785.0 1891.0 1963.0 1875.0 1784.0 1850.0 1801.0 1771.0 1836.0 1902.0 1941.0 1889.0 1891.0 1912.0 1925.0 1896.0 1912.0 1955.0 1969.0 1942.0 1956.0 1946.0 1973.0 1914.0 1974.0 1955.0 1923.0 1973.0 1970.0 1914.0 1382.0 1092.0 1029.0 1028.0 889.0 842.0 846.0 844.0 803.0 798.0 789.0 778.0 776.0 749.0 724.0 713.0 761.0 807.0 793.0 631.0 581.0 543.0 584.0 579.0 592.0 579.0 546.0 591.0 663.0 750.0 808.0 1018.0 1228.0 1254.0 1222.0 1174.0 1133.0 1104.0 1078.0 1036.0
1699.0 1685.0 1674.0 1530.0 1702.0 1785.0 1657.0 1433.0 1498.0 1647.0 1731.0 1757.0 1757.0 1834.0 1999.0 1973.0 1903.0 1892.0 1892.0 1905.0 1850.0 1869.0 1991.0 2002.0 1990.0 1952.0 1953.0 1955.0 1939.0 1940.0 1942.0 2001.0 1975.0 1918.0 1930.0 1963.0 1921.0 2003.0 1989.0 1949.0 1491.0 1091.0 925.0 872.0 808.0 756.0 746.0 741.0 744.0 752.0 745.0 745.0 740.0 738.0 721.0 715.0 746.0 790.0 708.0 606.0 588.0 586.0 592.0 575.0 552.0 504.0 508.0 500.0 576.0 674.0 762.0 794.0 1109.0 1247.0 1215.0 1159.0 1121.0 1096.0 1074.0 1036.0
1587.0 1669.0 1594.0 1446.0 1616.0 1656.0 1641.0 1618.0 1747.0 1661.0 1629.0 1755.0 1963.0 2021.0 1999.0 1975.0 1881.0 1882.0 1874.0 1878.0 1879.0 1893.0 1999.0 1945.0 1945.0 1900.0 1956.0 1955.0 1892.0 1939.0 1944.0 1966.0 1943.0 1933.0 1930.0 1956.0 1989.0 1940.0 1946.0 1966.0 1721.0 1152.0 926.0 859.0 792.0 749.0 736.0 733.0 735.0 740.0 740.0 743.0 742.0 742.0 719.0 694.0 708.0 749.0 676.0 603.0 589.0 553.0 512.0 493.0 485.0 484.0 482.0 480.0 499.0 650.0 761.0 780.0 843.0 1123.0 1207.0 1174.0 1128.0 1098.0 1075.0 1028.0
1600.0 1779.0 1655.0 1530.0 1538.0 1657.0 1723.0 1696.0 1702.0 1623.0 1647.0 1773.0 1879.0 1838.0 1888.0 1855.0 1705.0 1768.0 1891.0 1905.0 1915.0 1888.0 2000.0 2013.0 1942.0 1792.0 1808.0 1859.0 1894.0 1935.0 1929.0 1891.0 1967.0 2005.0 1966.0 1969.0 1943.0 1904.0 1837.0 1951.0 1834.0 1311.0 941.0 857.0 788.0 749.0 737.0 733.0 733.0 733.0 730.0 735.0 732.0 714.0 700.0 689.0 681.0 680.0 667.0 619.0 588.0 518.0 501.0 492.0 486.0 494.0 525.0 590.0 593.0 644.0 762.0 789.0 793.0 961.0 1177.0 1144.0 1129.0 1107.0 1074.0 1021.0
1610.0 1670.0 1800.0 1663.0 1292.0 1784.0 1786.0 1620.0 1502.0 1646.0 1630.0 1756.0 1879.0 1877.0 1889.0 1974.0 1740.0 1891.0 2012.0 1934.0 1871.0 1937.0 1977.0 1967.0 1939.0 1767.0 1732.0 1844.0 1925.0 1932.0 1853.0 1861.0 1974.0 2007.0 1959.0 1961.0 1855.0 1953.0 1833.0 1891.0 1833.0 1518.0 1034.0 829.0 762.0 747.0 738.0 733.0 730.0 725.0 720.0 716.0 712.0 698.0 692.0 684.0 669.0 674.0 669.0 624.0 582.0 523.0 505.0 493.0 486.0 507.0 548.0 592.0 597.0 610.0 626.0 783.0 791.0 930.0 1130.0 1128.0 1115.0 1099.0 1068.0 1010.0
1624.0 1663.0 1591.0 1613.0 1912.0 2256.0 1926.0 1681.0 1697.0 1904.0 1526.0 1627.0 1716.0 1670.0 1803.0 1973.0 1880.0 1885.0 1828.0 1818.0 1803.0 1597.0 1800.0 1756.0 1884.0 1836.0 1816.0 1842.0 1870.0 1871.0 1851.0 1852.0 1878.0 1949.0 1934.0 1930.0 1922.0 1884.0 1866.0 1900.0 1871.0 1701.0 1066.0 838.0 763.0 747.0 739.0 733.0 728.0 719.0 714.0 710.0 706.0 692.0 684.0 680.0 664.0 666.0 652.0 612.0 550.0 514.0 501.0 492.0 496.0 521.0 510.0 475.0 473.0 474.0 489.0 660.0 787.0 927.0 1126.0 1108.0 1105.0 1078.0 1066.0 1009.0
1714.0 1780.0 1639.0 1613.0 1738.0 2256.0 1782.0 1614.0 1704.0 1915.0 1526.0 1546.0 1477.0 1488.0 1697.0 1852.0 1769.0 1734.0 1818.0 1867.0 1891.0 1993.0 1824.0 1936.0 1861.0 1834.0 1734.0 1754.0 1816.0 1881.0 1927.0 1878.0 1875.0 1942.0 1930.0 1954.0 1962.0 1882.0 1943.0 1964.0 1872.0 1701.0 1169.0 855.0 759.0 746.0 739.0 731.0 726.0 716.0 710.0 703.0 697.0 689.0 682.0 678.0 661.0 637.0 624.0 608.0 547.0 514.0 503.0 494.0 544.0 538.0 485.0 449.0 433.0 440.0 435.0 472.0 699.0 925.0 1118.0 1126.0 1105.0 1078.0 1066.0 1014.0
1714.0 1658.0 1641.0 1736.0 1912.0 1894.0 1577.0 1391.0 1473.0 1776.0 1439.0 1351.0 1516.0 1666.0 1693.0 1691.0 1700.0 1634.0 1722.0 1900.0 1940.0 1861.0 1596.0 1780.0 1957.0 1834.0 1791.0 1812.0 1861.0 1925.0 1923.0 1895.0 1928.0 1949.0 1959.0 1971.0 1863.0 1972.0 1931.0 1901.0 1816.0 1853.0 1458.0 969.0 757.0 748.0 740.0 730.0 724.0 717.0 711.0 703.0 696.0 691.0 681.0 674.0 646.0 583.0 605.0 618.0 548.0 513.0 510.0 549.0 563.0 541.0 496.0 453.0 424.0 415.0 402.0 426.0 661.0 886.0 1060.0 1123.0 1098.0 1069.0 1062.0 1014.0
1407.0 1398.0 1637.0 1738.0 1738.0 1789.0 1577.0 1539.0 1698.0 1829.0 1627.0 1351.0 1710.0 1867.0 1646.0 1691.0 1749.0 1462.0 1664.0 1863.0 1878.0 1782.0 1596.0 1820.0 1613.0 1869.0 1911.0 1824.0 1886.0 1930.0 1854.0 1852.0 1945.0 1949.0 1939.0 1968.0 1759.0 1934.0 1810.0 1777.0 1802.0 1911.0 1770.0 982.0 757.0 751.0 743.0 730.0 723.0 716.0 710.0 703.0 698.0 692.0 681.0 671.0 641.0 575.0 603.0 626.0 564.0 527.0 540.0 559.0 561.0 524.0 493.0 459.0 436.0 432.0 391.0 403.0 506.0 759.0 1029.0 1094.0 1096.0 1059.0 1044.0 1010.0
1407.0 1655.0 1758.0 1591.0 1640.0 1735.0 1399.0 1593.0 1887.0 1915.0 1648.0 1579.0 1657.0 1625.0 1645.0 1841.0 1789.0 1462.0 1656.0 1835.0 1886.0 1865.0 1826.0 1742.0 1829.0 1816.0 1715.0 1795.0 1821.0 1843.0 1811.0 1849.0 1876.0 1949.0 1969.0 1982.0 1868.0 1878.0 1890.0 1777.0 1804.0 1913.0 1808.0 1096.0 779.0 759.0 756.0 741.0 722.0 714.0 708.0 702.0 697.0 691.0 680.0 669.0 641.0 592.0 605.0 618.0 572.0 553.0 546.0 537.0 502.0 495.0 488.0 464.0 466.0 452.0 394.0 402.0 480.0 674.0 899.0 1074.0 1094.0 1062.0 1035.0 1015.0
1453.0 1879.0 2193.0 1695.0 1640.0 1511.0 1399.0 1547.0 1692.0 1662.0 1611.0 1576.0 1517.0 1667.0 1800.0 1846.0 1774.0 1674.0 1652.0 1866.0 1888.0 1871.0 1901.0 1815.0 1834.0 1564.0 1738.0 1900.0 1904.0 1877.0 1802.0 1805.0 1839.0 1891.0 1936.0 1977.0 1871.0 2050.0 1891.0 1902.0 1801.0 1900.0 1809.0 1323.0 1032.0 805.0 773.0 755.0 723.0 713.0 707.0 700.0 696.0 693.0 681.0 670.0 643.0 609.0 601.0 606.0 567.0 554.0 537.0 494.0 489.0 481.0 484.0 462.0 466.0 455.0 407.0 404.0 465.0 581.0 762.0 1042.0 1088.0 1059.0 1052.0 1021.0
