2602.0 2628.0 2616.0 2368.0 2362.0 2331.0 2296.0 2511.0 2292.0 2291.0 2515.0 2403.0 2325.0 2491.0 2523.0 2397.0 2330.0 2284.0 2180.0 2165.0 2179.0 2298.0 2349.0 2292.0 2343.0 2229.0 2243.0 2215.0 2295.0 2335.0 2330.0 2307.0 2296.0 2304.0 2361.0 2319.0 2379.0 2439.0 2360.0 2253.0 2179.0 2316.0 2299.0 2230.0 2329.0 2303.0 2239.0 2239.0 2244.0 2240.0 2285.0 2276.0 2245.0 2227.0 2214.0 2213.0 2317.0 2370.0 2318.0 2208.0 2202.0 2258.0 2282.0 2290.0 2281.0 2237.0 2219.0 2167.0 2225.0 2236.0 2173.0 2160.0 2214.0 2148.0 2115.0 2006.0 1930.0 1930.0 1830.0 1762.0
2443.0 2286.0 2424.0 2287.0 2300.0 2430.0 2432.0 2382.0 2139.0 2190.0 2620.0 2324.0 2448.0 2447.0 2373.0 2366.0 2565.0 2173.0 2145.0 2267.0 2256.0 2260.0 2391.0 2285.0 2226.0 2382.0 2283.0 2205.0 2362.0 2309.0 2246.0 2277.0 2356.0 2381.0 2277.0 2275.0 2368.0 2375.0 2309.0 2285.0 2336.0 2282.0 2300.0 2269.0 2287.0 2302.0 2281.0 2281.0 2300.0 2299.0 2279.0 2304.0 2307.0 2271.0 2285.0 2316.0 2277.0 2282.0 2294.0 2207.0 2215.0 2292.0 2288.0 2297.0 2295.0 2273.0 2244.0 2226.0 2266.0 2273.0 2235.0 2141.0 2171.0 2135.0 2063.0 2043.0 1957.0 1892.0 1825.0 1770.0
2443.0 2460.0 2145.0 2184.0 2263.0 2430.0 2596.0 2399.0 2276.0 2190.0 2054.0 2321.0 2448.0 2447.0 2373.0 2280.0 2354.0 2173.0 2240.0 2267.0 2261.0 2260.0 2398.0 2319.0 2248.0 2392.0 2239.0 2205.0 2361.0 2421.0 2369.0 2365.0 2356.0 2375.0 2277.0 2272.0 2367.0 2349.0 2299.0 2273.0 2332.0 2286.0 2297.0 2274.0 2276.0 2301.0 2287.0 2280.0 2302.0 2300.0 2284.0 2321.0 2314.0 2265.0 2276.0 2315.0 2251.0 2263.0 2281.0 2187.0 2191.0 2255.0 2256.0 2188.0 2198.0 2274.0 2245.0 2226.0 2249.0 2265.0 2245.0 2141.0 2147.0 2124.0 2052.0 2022.0 1955.0 1871.0 1861.0 1767.0
2153.0 2215.0 2309.0 2184.0 2235.0 2352.0 2695.0 2529.0 2302.0 2347.0 2204.0 2216.0 2338.0 2378.0 2273.0 2129.0 2302.0 2291.0 2249.0 2149.0 2217.0 2367.0 2400.0 2332.0 2345.0 2304.0 2273.0 2290.0 2295.0 2318.0 2320.0 2265.0 2262.0 2268.0 2344.0 2271.0 2284.0 2350.0 2292.0 2266.0 2303.0 2294.0 2292.0 2292.0 2281.0 2304.0 2286.0 2279.0 2308.0 2314.0 2294.0 2323.0 2314.0 2251.0 2263.0 2261.0 2251.0 2276.0 2261.0 2183.0 2190.0 2209.0 2253.0 2191.0 2198.0 2280.0 2292.0 2259.0 2239.0 2271.0 2287.0 2142.0 2143.0 2096.0 2041.0 1996.0 1954.0 1877.0 1861.0 1769.0
2184.0 2090.0 2505.0 2497.0 2250.0 2113.0 2391.0 2386.0 2269.0 2373.0 2432.0 2346.0 2339.0 2346.0 2229.0 2129.0 2330.0 2360.0 2217.0 2166.0 2273.0 2368.0 2307.0 2241.0 2278.0 2376.0 2280.0 2270.0 2294.0 2320.0 2352.0 2344.0 2267.0 2351.0 2387.0 2266.0 2287.0 2334.0 2292.0 2275.0 2217.0 2234.0 2227.0 2298.0 2260.0 2215.0 2284.0 2286.0 2296.0 2292.0 2293.0 2251.0 2253.0 2249.0 2261.0 2268.0 2273.0 2298.0 2267.0 2221.0 2192.0 2208.0 2208.0 2180.0 2202.0 2263.0 2290.0 2231.0 2172.0 2262.0 2241.0 2138.0 2125.0 2076.0 2029.0 2006.0 1955.0 1881.0 1855.0 1769.0
2251.0 2336.0 2574.0 2536.0 2236.0 2076.0 2408.0 2427.0 2202.0 2249.0 2378.0 2348.0 2362.0 2358.0 2272.0 2297.0 2338.0 2299.0 2269.0 2306.0 2332.0 2285.0 2306.0 2225.0 2305.0 2309.0 2304.0 2303.0 2291.0 2305.0 2309.0 2334.0 2191.0 2329.0 2418.0 2287.0 2241.0 2318.0 2354.0 2267.0 2218.0 2248.0 2226.0 2210.0 2169.0 2191.0 2269.0 2280.0 2256.0 2261.0 2244.0 2222.0 2236.0 2246.0 2268.0 2375.0 2352.0 2276.0 2268.0 2278.0 2261.0 2278.0 2306.0 2281.0 2261.0 2211.0 2200.0 2184.0 2180.0 2222.0 2181.0 2130.0 2117.0 2088.0 2050.0 1986.0 1950.0 1881.0 1852.0 1820.0
2188.0 2487.0 2538.0 2510.0 2247.0 2352.0 2383.0 2362.0 2237.0 2350.0 2192.0 2231.0 2350.0 2376.0 2423.0 2427.0 2313.0 2362.0 2403.0 2336.0 2329.0 2221.0 2312.0 2235.0 2347.0 2341.0 2285.0 2273.0 2289.0 2273.0 2276.0 2268.0 2191.0 2277.0 2377.0 2282.0 2239.0 2327.0 2353.0 2258.0 2292.0 2302.0 2219.0 2188.0 2202.0 2226.0 2273.0 2279.0 2245.0 2268.0 2301.0 2232.0 2228.0 2249.0 2265.0 2375.0 2363.0 2275.0 2241.0 2243.0 2294.0 2285.0 2302.0 2295.0 2261.0 2253.0 2281.0 2255.0 2244.0 2277.0 2178.0 2153.0 2142.0 2096.0 2055.0 1976.0 1925.0 1872.0 1852.0 1838.0
2188.0 2336.0 2213.0 2146.0 2242.0 2225.0 2384.0 2389.0 2208.0 2366.0 2187.0 2182.0 2300.0 2354.0 2350.0 2483.0 2335.0 2347.0 2273.0 2167.0 2327.0 2250.0 2334.0 2268.0 2264.0 2256.0 2248.0 2264.0 2288.0 2284.0 2301.0 2286.0 2274.0 2303.0 2307.0 2279.0 2295.0 2318.0 2290.0 2274.0 2288.0 2283.0 2235.0 2213.0 2247.0 2237.0 2250.0 2247.0 2245.0 2268.0 2294.0 2301.0 2282.0 2261.0 2259.0 2256.0 2235.0 2260.0 2250.0 2265.0 2282.0 2269.0 2304.0 2272.0 2199.0 2216.0 2240.0 2253.0 2243.0 2203.0 2194.0 2242.0 2156.0 2100.0 2028.0 1955.0 1914.0 1870.0 1854.0 1823.0
2378.0 2196.0 2213.0 2205.0 2072.0 2124.0 2302.0 2447.0 2236.0 2283.0 2251.0 2235.0 2283.0 2348.0 2428.0 2449.0 2340.0 2245.0 2207.0 2235.0 2279.0 2280.0 2300.0 2267.0 2276.0 2270.0 2274.0 2304.0 2318.0 2313.0 2324.0 2329.0 2324.0 2319.0 2287.0 2281.0 2308.0 2266.0 2236.0 2332.0 2315.0 2273.0 2317.0 2296.0 2209.0 2233.0 2260.0 2243.0 2246.0 2246.0 2228.0 2221.0 2236.0 2247.0 2259.0 2269.0 2262.0 2308.0 2313.0 2216.0 2262.0 2282.0 2270.0 2272.0 2250.0 2207.0 2229.0 2248.0 2239.0 2251.0 2245.0 2208.0 2153.0 2110.0 2065.0 2004.0 1947.0 1875.0 1863.0 1840.0
2753.0 2753.0 2611.0 2453.0 2242.0 2154.0 2157.0 2275.0 2316.0 2316.0 2391.0 2358.0 2258.0 2562.0 2287.0 2296.0 2286.0 2260.0 2283.0 2302.0 2297.0 2282.0 2244.0 2273.0 2299.0 2304.0 2290.0 2311.0 2326.0 2318.0 2304.0 2320.0 2319.0 2297.0 2213.0 2201.0 2299.0 2270.0 2285.0 2304.0 2259.0 2260.0 2302.0 2289.0 2244.0 2266.0 2267.0 2245.0 2245.0 2255.0 2236.0 2237.0 2246.0 2260.0 2269.0 2266.0 2252.0 2270.0 2289.0 2268.0 2221.0 2144.0 2231.0 2264.0 2257.0 2256.0 2232.0 2247.0 2235.0 2208.0 2184.0 2171.0 2137.0 2105.0 2080.0 1986.0 1923.0 1873.0 1856.0 1793.0
2303.0 2487.0 2563.0 2503.0 2317.0 2223.0 2125.0 2068.0 2085.0 2221.0 2205.0 2224.0 2287.0 2213.0 2279.0 2216.0 2077.0 2078.0 2269.0 2300.0 2266.0 2254.0 2243.0 2248.0 2270.0 2297.0 2298.0 2312.0 2310.0 2301.0 2297.0 2305.0 2297.0 2238.0 2293.0 2204.0 2241.0 2317.0 2351.0 2328.0 2253.0 2264.0 2254.0 2292.0 2308.0 2278.0 2256.0 2264.0 2346.0 2268.0 2238.0 2293.0 2249.0 2246.0 2250.0 2267.0 2276.0 2274.0 2303.0 2317.0 2283.0 2280.0 2280.0 2261.0 2205.0 2262.0 2245.0 2203.0 2234.0 2189.0 2167.0 2156.0 2157.0 2116.0 2030.0 1985.0 1943.0 1875.0 1852.0 1778.0
2200.0 2196.0 2214.0 2425.0 2210.0 2212.0 2303.0 2283.0 2084.0 2295.0 2311.0 2274.0 2366.0 2330.0 2349.0 2384.0 2280.0 2245.0 2300.0 2285.0 2326.0 2312.0 2289.0 2263.0 2276.0 2285.0 2298.0 2322.0 2320.0 2284.0 2303.0 2265.0 2284.0 2237.0 2295.0 2189.0 2289.0 2313.0 2331.0 2301.0 2300.0 2295.0 2248.0 2289.0 2292.0 2240.0 2242.0 2239.0 2244.0 2230.0 2248.0 2274.0 2240.0 2243.0 2244.0 2266.0 2234.0 2215.0 2261.0 2317.0 2280.0 2272.0 2277.0 2227.0 2200.0 2213.0 2235.0 2249.0 2230.0 2183.0 2189.0 2172.0 2139.0 2111.0 2013.0 1950.0 1935.0 1882.0 1851.0 1754.0
2205.0 2214.0 2211.0 2283.0 2434.0 2426.0 2192.0 2213.0 2238.0 2246.0 2243.0 2279.0 2416.0 2329.0 2354.0 2445.0 2340.0 2270.0 2291.0 2245.0 2327.0 2316.0 2301.0 2278.0 2286.0 2271.0 2267.0 2323.0 2331.0 2300.0 2310.0 2249.0 2252.0 2310.0 2289.0 2239.0 2243.0 2257.0 2285.0 2225.0 2258.0 2311.0 2289.0 2288.0 2300.0 2272.0 2252.0 2240.0 2252.0 2234.0 2227.0 2254.0 2273.0 2268.0 2243.0 2267.0 2281.0 2278.0 2222.0 2235.0 2280.0 2224.0 2221.0 2236.0 2223.0 2207.0 2210.0 2210.0 2219.0 2218.0 2170.0 2146.0 2152.0 2120.0 2013.0 1983.0 1957.0 1895.0 1851.0 1745.0
2173.0 2354.0 2608.0 2443.0 2318.0 2173.0 2122.0 2245.0 2148.0 2311.0 2388.0 2358.0 2417.0 2322.0 2277.0 2289.0 2300.0 2286.0 2292.0 2277.0 2291.0 2256.0 2299.0 2274.0 2291.0 2266.0 2255.0 2321.0 2313.0 2321.0 2262.0 2250.0 2245.0 2245.0 2238.0 2229.0 2247.0 2213.0 2218.0 2223.0 2244.0 2257.0 2284.0 2269.0 2249.0 2238.0 2215.0 2239.0 2245.0 2226.0 2223.0 2249.0 2262.0 2263.0 2266.0 2264.0 2274.0 2269.0 2233.0 2238.0 2278.0 2276.0 2222.0 2238.0 2235.0 2191.0 2187.0 2220.0 2218.0 2218.0 2179.0 2155.0 2150.0 2127.0 2065.0 1983.0 1957.0 1882.0 1846.0 1768.0
2513.0 2626.0 2538.0 2245.0 2105.0 2226.0 2479.0 2486.0 2307.0 2316.0 2322.0 2282.0 2395.0 2326.0 2270.0 2238.0 2283.0 2307.0 2310.0 2352.0 2221.0 2223.0 2313.0 2303.0 2307.0 2294.0 2207.0 2244.0 2258.0 2302.0 2302.0 2250.0 2249.0 2315.0 2294.0 2283.0 2224.0 2223.0 2279.0 2283.0 2287.0 2286.0 2275.0 2270.0 2240.0 2269.0 2297.0 2273.0 2239.0 2233.0 2245.0 2236.0 2240.0 2260.0 2236.0 2235.0 2235.0 2249.0 2244.0 2235.0 2223.0 2216.0 2214.0 2208.0 2219.0 2215.0 2160.0 2166.0 2191.0 2181.0 2168.0 2152.0 2126.0 2090.0 2001.0 1943.0 1914.0 1864.0 1839.0 1750.0
2716.0 2716.0 2150.0 2295.0 2185.0 2169.0 2366.0 2351.0 2299.0 2310.0 2302.0 2219.0 2378.0 2327.0 2279.0 2268.0 2282.0 2284.0 2307.0 2353.0 2208.0 2229.0 2312.0 2329.0 2287.0 2258.0 2251.0 2244.0 2257.0 2272.0 2253.0 2239.0 2244.0 2260.0 2260.0 2282.0 2255.0 2243.0 2229.0 2228.0 2288.0 2290.0 2273.0 2269.0 2266.0 2271.0 2263.0 2269.0 2263.0 2229.0 2224.0 2255.0 2269.0 2266.0 2236.0 2230.0 2238.0 2219.0 2250.0 2238.0 2222.0 2217.0 2222.0 2228.0 2232.0 2220.0 2183.0 2170.0 2209.0 2214.0 2173.0 2147.0 2119.0 2070.0 2007.0 1953.0 1895.0 1873.0 1852.0 1748.0
2379.0 2353.0 2587.0 2270.0 2105.0 2073.0 2363.0 2317.0 2331.0 2332.0 2315.0 2283.0 2319.0 2307.0 2286.0 2255.0 2251.0 2265.0 2296.0 2263.0 2291.0 2246.0 2305.0 2277.0 2270.0 2307.0 2326.0 2274.0 2285.0 2308.0 2251.0 2273.0 2257.0 2244.0 2244.0 2287.0 2267.0 2211.0 2233.0 2257.0 2279.0 2265.0 2259.0 2266.0 2266.0 2251.0 2258.0 2266.0 2262.0 2260.0 2250.0 2265.0 2269.0 2260.0 2233.0 2239.0 2271.0 2217.0 2222.0 2233.0 2223.0 2221.0 2221.0 2215.0 2231.0 2226.0 2210.0 2175.0 2189.0 2215.0 2198.0 2156.0 2122.0 2116.0 2081.0 1987.0 1932.0 1871.0 1850.0 1767.0
2376.0 2253.0 2631.0 2440.0 2253.0 2239.0 2484.0 2311.0 2324.0 2326.0 2293.0 2294.0 2282.0 2275.0 2286.0 2201.0 2207.0 2300.0 2310.0 2253.0 2311.0 2278.0 2299.0 2282.0 2292.0 2295.0 2212.0 2211.0 2261.0 2320.0 2372.0 2303.0 2251.0 2332.0 2322.0 2234.0 2256.0 2273.0 2230.0 2229.0 2235.0 2254.0 2274.0 2265.0 2234.0 2272.0 2285.0 2254.0 2247.0 2243.0 2224.0 2212.0 2233.0 2219.0 2252.0 2242.0 2230.0 2223.0 2223.0 2235.0 2223.0 2217.0 2218.0 2189.0 2183.0 2219.0 2211.0 2162.0 2171.0 2215.0 2216.0 2209.0 2173.0 2116.0 2070.0 1996.0 1936.0 1864.0 1843.0 1768.0
2232.0 2217.0 2217.0 2291.0 2328.0 2325.0 2366.0 2316.0 2307.0 2298.0 2270.0 2220.0 2300.0 2288.0 2283.0 2271.0 2274.0 2305.0 2462.0 2252.0 2428.0 2288.0 2259.0 2233.0 2260.0 2320.0 2321.0 2235.0 2245.0 2273.0 2259.0 2269.0 2264.0 2286.0 2245.0 2285.0 2274.0 2216.0 2232.0 2246.0 2234.0 2216.0 2271.0 2269.0 2229.0 2257.0 2274.0 2259.0 2268.0 2261.0 2226.0 2211.0 2223.0 2211.0 2223.0 2235.0 2231.0 2195.0 2225.0 2235.0 2222.0 2219.0 2220.0 2215.0 2195.0 2202.0 2159.0 2156.0 2176.0 2200.0 2194.0 2193.0 2161.0 2111.0 2080.0 1995.0 1905.0 1866.0 1846.0 1763.0
2288.0 2237.0 2109.0 2247.0 2329.0 2323.0 2190.0 2281.0 2295.0 2292.0 2272.0 2244.0 2309.0 2311.0 2329.0 2321.0 2275.0 2273.0 2303.0 2287.0 2311.0 2260.0 2289.0 2319.0 2307.0 2298.0 2279.0 2277.0 2304.0 2271.0 2247.0 2267.0 2245.0 2243.0 2246.0 2254.0 2252.0 2250.0 2261.0 2242.0 2241.0 2263.0 2271.0 2268.0 2268.0 2271.0 2254.0 2254.0 2255.0 2250.0 2219.0 2227.0 2262.0 2220.0 2192.0 2219.0 2226.0 2194.0 2227.0 2230.0 2223.0 2229.0 2222.0 2172.0 2165.0 2199.0 2200.0 2181.0 2187.0 2214.0 2186.0 2161.0 2151.0 2109.0 2075.0 2001.0 1906.0 1866.0 1848.0 1761.0
2370.0 2351.0 2223.0 2263.0 2256.0 2252.0 2250.0 2213.0 2164.0 2184.0 2287.0 2296.0 2262.0 2284.0 2313.0 2282.0 2263.0 2269.0 2295.0 2394.0 2426.0 2294.0 2219.0 2198.0 2171.0 2211.0 2317.0 2314.0 2328.0 2275.0 2246.0 2283.0 2258.0 2242.0 2241.0 2238.0 2262.0 2248.0 2245.0 2246.0 2259.0 2266.0 2272.0 2265.0 2261.0 2269.0 2253.0 2279.0 2281.0 2258.0 2225.0 2271.0 2254.0 2245.0 2232.0 2215.0 2215.0 2224.0 2225.0 2225.0 2220.0 2222.0 2231.0 2207.0 2164.0 2199.0 2218.0 2214.0 2191.0 2198.0 2188.0 2199.0 2176.0 2112.0 2078.0 2011.0 1907.0 1856.0 1843.0 1765.0
2316.0 2327.0 2226.0 2186.0 2127.0 2112.0 2250.0 2314.0 2243.0 2183.0 2271.0 2246.0 2278.0 2271.0 2172.0 2181.0 2273.0 2267.0 2332.0 2294.0 2313.0 2293.0 2230.0 2229.0 2252.0 2240.0 2208.0 2221.0 2241.0 2266.0 2253.0 2282.0 2260.0 2249.0 2240.0 2255.0 2250.0 2245.0 2229.0 2242.0 2257.0 2250.0 2257.0 2265.0 2269.0 2271.0 2247.0 2246.0 2235.0 2233.0 2231.0 2270.0 2231.0 2226.0 2256.0 2238.0 2220.0 2213.0 2222.0 2218.0 2216.0 2213.0 2229.0 2214.0 2194.0 2196.0 2199.0 2196.0 2189.0 2169.0 2166.0 2202.0 2166.0 2109.0 2065.0 1997.0 1906.0 1858.0 1842.0 1767.0
2317.0 2139.0 2187.0 2291.0 2327.0 2256.0 2364.0 2321.0 2333.0 2356.0 2270.0 2238.0 2299.0 2300.0 2327.0 2333.0 2289.0 2263.0 2250.0 2190.0 2152.0 2255.0 2282.0 2262.0 2171.0 2202.0 2303.0 2282.0 2250.0 2270.0 2268.0 2287.0 2261.0 2279.0 2240.0 2302.0 2273.0 2246.0 2252.0 2273.0 2256.0 2214.0 2241.0 2264.0 2269.0 2268.0 2249.0 2236.0 2236.0 2231.0 2225.0 2256.0 2253.0 2243.0 2252.0 2222.0 2218.0 2230.0 2230.0 2232.0 2221.0 2218.0 2216.0 2192.0 2197.0 2196.0 2176.0 2166.0 2164.0 2152.0 2154.0 2178.0 2164.0 2106.0 2074.0 1993.0 1905.0 1863.0 1842.0 1762.0
2269.0 2139.0 2400.0 2432.0 2412.0 2321.0 2330.0 2216.0 2246.0 2285.0 2247.0 2244.0 2156.0 2231.0 2247.0 2253.0 2203.0 2093.0 2099.0 2279.0 2310.0 2258.0 2223.0 2280.0 2320.0 2291.0 2299.0 2271.0 2284.0 2300.0 2241.0 2285.0 2251.0 2238.0 2235.0 2240.0 2267.0 2243.0 2247.0 2269.0 2258.0 2241.0 2247.0 2265.0 2263.0 2239.0 2241.0 2236.0 2260.0 2234.0 2219.0 2247.0 2235.0 2196.0 2193.0 2215.0 2217.0 2235.0 2231.0 2231.0 2218.0 2217.0 2207.0 2172.0 2168.0 2197.0 2187.0 2165.0 2161.0 2150.0 2146.0 2138.0 2143.0 2099.0 2035.0 1982.0 1908.0 1872.0 1839.0 1758.0
2312.0 2342.0 2422.0 2393.0 2221.0 2112.0 2100.0 2107.0 2164.0 2246.0 2280.0 2346.0 2161.0 2240.0 2248.0 2273.0 2300.0 2259.0 2256.0 2249.0 2146.0 2225.0 2250.0 2272.0 2250.0 2222.0 2270.0 2231.0 2260.0 2249.0 2246.0 2285.0 2260.0 2231.0 2235.0 2249.0 2252.0 2242.0 2253.0 2265.0 2256.0 2244.0 2248.0 2262.0 2248.0 2227.0 2238.0 2233.0 2253.0 2229.0 2232.0 2246.0 2248.0 2206.0 2195.0 2222.0 2215.0 2229.0 2231.0 2226.0 2216.0 2218.0 2206.0 2199.0 2191.0 2195.0 2196.0 2161.0 2159.0 2169.0 2153.0 2128.0 2110.0 2090.0 2033.0 1975.0 1912.0 1860.0 1836.0 1757.0
2302.0 2332.0 2422.0 2439.0 2419.0 2313.0 2364.0 2469.0 2462.0 2366.0 2286.0 2354.0 2382.0 2287.0 2180.0 2173.0 2204.0 2248.0 2265.0 2424.0 2216.0 2244.0 2243.0 2257.0 2258.0 2245.0 2247.0 2273.0 2241.0 2253.0 2261.0 2228.0 2249.0 2226.0 2234.0 2236.0 2244.0 2233.0 2239.0 2254.0 2257.0 2246.0 2245.0 2258.0 2236.0 2228.0 2239.0 2243.0 2245.0 2230.0 2232.0 2239.0 2250.0 2239.0 2244.0 2227.0 2217.0 2228.0 2236.0 2234.0 2214.0 2195.0 2169.0 2180.0 2190.0 2176.0 2175.0 2161.0 2160.0 2166.0 2154.0 2149.0 2156.0 2100.0 2005.0 1980.0 1923.0 1869.0 1839.0 1766.0
2173.0 2034.0 2189.0 2234.0 2221.0 2317.0 2315.0 2327.0 2261.0 2239.0 2237.0 2258.0 2301.0 2230.0 2183.0 2200.0 2280.0 2212.0 2305.0 2281.0 2224.0 2249.0 2265.0 2263.0 2259.0 2286.0 2258.0 2274.0 2252.0 2257.0 2245.0 2225.0 2227.0 2230.0 2260.0 2250.0 2241.0 2217.0 2206.0 2185.0 2239.0 2242.0 2242.0 2258.0 2245.0 2230.0 2234.0 2229.0 2218.0 2224.0 2232.0 2246.0 2249.0 2218.0 2226.0 2217.0 2215.0 2227.0 2226.0 2232.0 2219.0 2182.0 2167.0 2172.0 2171.0 2181.0 2183.0 2167.0 2158.0 2160.0 2122.0 2132.0 2131.0 2011.0 1994.0 1976.0 1932.0 1928.0 1898.0 1796.0
2298.0 2303.0 2168.0 2228.0 2348.0 2329.0 2288.0 2329.0 2297.0 2241.0 2251.0 2243.0 2297.0 2296.0 2301.0 2274.0 2232.0 2217.0 2273.0 2280.0 2207.0 2258.0 2293.0 2278.0 2259.0 2268.0 2279.0 2308.0 2237.0 2309.0 2240.0 2230.0 2246.0 2253.0 2260.0 2239.0 2242.0 2227.0 2209.0 2184.0 2211.0 2230.0 2248.0 2261.0 2257.0 2248.0 2232.0 2219.0 2211.0 2223.0 2237.0 2242.0 2247.0 2210.0 2198.0 2211.0 2196.0 2208.0 2208.0 2188.0 2194.0 2177.0 2166.0 2171.0 2175.0 2171.0 2186.0 2172.0 2158.0 2146.0 2112.0 2002.0 1992.0 1986.0 1993.0 1974.0 1930.0 1897.0 1879.0 1773.0
2173.0 2156.0 2198.0 2282.0 2303.0 2294.0 2234.0 2259.0 2298.0 2250.0 2223.0 2285.0 2383.0 2347.0 2310.0 2276.0 2266.0 2247.0 2268.0 2284.0 2233.0 2288.0 2272.0 2243.0 2245.0 2238.0 2243.0 2266.0 2225.0 2322.0 2258.0 2233.0 2254.0 2238.0 2226.0 2233.0 2249.0 2231.0 2235.0 2246.0 2232.0 2229.0 2246.0 2257.0 2253.0 2243.0 2226.0 2225.0 2211.0 2224.0 2236.0 2231.0 2227.0 2213.0 2219.0 2215.0 2200.0 2208.0 2230.0 2186.0 2172.0 2175.0 2168.0 2201.0 2208.0 2174.0 2184.0 2188.0 2170.0 2152.0 2120.0 2004.0 1988.0 1982.0 1989.0 1968.0 1923.0 1858.0 1836.0 1766.0
2167.0 1915.0 2188.0 2281.0 2289.0 2318.0 2303.0 2257.0 2233.0 2239.0 2233.0 2219.0 2284.0 2280.0 2205.0 2194.0 2208.0 2217.0 2287.0 2301.0 2231.0 2273.0 2263.0 2245.0 2240.0 2206.0 2244.0 2268.0 2276.0 2295.0 2235.0 2213.0 2241.0 2217.0 2219.0 2235.0 2251.0 2222.0 2234.0 2255.0 2233.0 2223.0 2233.0 2254.0 2251.0 2234.0 2237.0 2251.0 2244.0 2249.0 2238.0 2230.0 2220.0 2210.0 2233.0 2214.0 2215.0 2202.0 2214.0 2185.0 2180.0 2175.0 2190.0 2197.0 2212.0 2219.0 2195.0 2180.0 2162.0 2143.0 2119.0 2110.0 2023.0 1996.0 2010.0 1982.0 1922.0 1867.0 1860.0 1782.0
2191.0 2034.0 2190.0 2284.0 2308.0 2296.0 2437.0 2336.0 2241.0 2246.0 2354.0 2208.0 2209.0 2217.0 2209.0 2204.0 2193.0 2199.0 2271.0 2305.0 2241.0 2264.0 2272.0 2271.0 2257.0 2231.0 2255.0 2343.0 2273.0 2298.0 2238.0 2214.0 2255.0 2252.0 2237.0 2235.0 2243.0 2211.0 2223.0 2254.0 2249.0 2229.0 2228.0 2250.0 2251.0 2246.0 2249.0 2239.0 2245.0 2249.0 2228.0 2229.0 2222.0 2206.0 2217.0 2210.0 2215.0 2197.0 2169.0 2182.0 2171.0 2178.0 2193.0 2167.0 2206.0 2217.0 2199.0 2181.0 2156.0 2110.0 2108.0 2104.0 2012.0 1995.0 2005.0 1987.0 1920.0 1849.0 1835.0 1771.0
2316.0 2388.0 2315.0 2332.0 2353.0 2251.0 2300.0 2351.0 2365.0 2367.0 2358.0 2290.0 2229.0 2276.0 2299.0 2285.0 2274.0 2211.0 2231.0 2299.0 2293.0 2287.0 2296.0 2271.0 2266.0 2271.0 2235.0 2339.0 2236.0 2275.0 2302.0 2243.0 2255.0 2255.0 2247.0 2250.0 2246.0 2210.0 2229.0 2258.0 2256.0 2252.0 2262.0 2257.0 2247.0 2242.0 2229.0 2221.0 2214.0 2210.0 2205.0 2232.0 2249.0 2209.0 2191.0 2196.0 2211.0 2195.0 2170.0 2171.0 2154.0 2175.0 2168.0 2161.0 2215.0 2218.0 2210.0 2198.0 2180.0 2143.0 2115.0 2113.0 2040.0 1988.0 1988.0 1983.0 1920.0 1851.0 1833.0 1764.0
2348.0 2526.0 2340.0 2322.0 2364.0 2338.0 2097.0 2341.0 2418.0 2417.0 2430.0 2291.0 2245.0 2293.0 2211.0 2206.0 2307.0 2220.0 2298.0 2315.0 2236.0 2268.0 2308.0 2274.0 2238.0 2233.0 2248.0 2264.0 2273.0 2245.0 2287.0 2285.0 2253.0 2207.0 2226.0 2261.0 2255.0 2213.0 2210.0 2231.0 2233.0 2235.0 2270.0 2266.0 2247.0 2234.0 2245.0 2253.0 2214.0 2202.0 2203.0 2237.0 2252.0 2209.0 2211.0 2195.0 2192.0 2196.0 2211.0 2178.0 2149.0 2163.0 2172.0 2163.0 2178.0 2183.0 2177.0 2181.0 2178.0 2138.0 2121.0 2119.0 2051.0 1984.0 1989.0 1927.0 1896.0 1866.0 1859.0 1781.0
2402.0 2381.0 2260.0 2253.0 2248.0 2251.0 2239.0 2349.0 2363.0 2351.0 2430.0 2265.0 2221.0 2244.0 2212.0 2209.0 2294.0 2218.0 2335.0 2305.0 2227.0 2265.0 2300.0 2251.0 2167.0 2192.0 2292.0 2224.0 2241.0 2272.0 2236.0 2302.0 2280.0 2207.0 2211.0 2231.0 2251.0 2223.0 2174.0 2180.0 2234.0 2231.0 2221.0 2239.0 2220.0 2204.0 2234.0 2238.0 2223.0 2220.0 2202.0 2233.0 2222.0 2206.0 2233.0 2205.0 2192.0 2195.0 2220.0 2203.0 2150.0 2166.0 2193.0 2177.0 2156.0 2142.0 2118.0 2145.0 2120.0 2106.0 2106.0 2112.0 2061.0 2006.0 1994.0 1905.0 1882.0 1870.0 1862.0 1801.0
2183.0 2407.0 2255.0 2188.0 2122.0 2243.0 2236.0 2247.0 2261.0 2265.0 2171.0 2204.0 2226.0 2301.0 2321.0 2310.0 2299.0 2172.0 2178.0 2238.0 2295.0 2293.0 2267.0 2201.0 2171.0 2232.0 2291.0 2280.0 2249.0 2227.0 2237.0 2267.0 2265.0 2254.0 2242.0 2229.0 2239.0 2241.0 2227.0 2181.0 2228.0 2233.0 2201.0 2197.0 2205.0 2187.0 2170.0 2168.0 2221.0 2223.0 2215.0 2232.0 2211.0 2198.0 2209.0 2196.0 2193.0 2185.0 2173.0 2183.0 2152.0 2142.0 2154.0 2160.0 2159.0 2154.0 2121.0 2142.0 2115.0 2107.0 2122.0 2114.0 2087.0 2088.0 2076.0 1960.0 1902.0 1875.0 1860.0 1787.0
2396.0 2141.0 2200.0 2323.0 2405.0 2416.0 2427.0 2252.0 2245.0 2259.0 2126.0 1962.0 2251.0 2395.0 2368.0 2309.0 2276.0 2292.0 2330.0 2273.0 2302.0 2246.0 2213.0 2226.0 2274.0 2275.0 2231.0 2281.0 2231.0 2256.0 2295.0 2282.0 2261.0 2252.0 2242.0 2226.0 2247.0 2256.0 2233.0 2201.0 2231.0 2243.0 2212.0 2199.0 2222.0 2235.0 2185.0 2180.0 2219.0 2201.0 2217.0 2238.0 2216.0 2184.0 2181.0 2189.0 2189.0 2189.0 2168.0 2177.0 2152.0 2136.0 2143.0 2136.0 2137.0 2148.0 2142.0 2142.0 2115.0 2125.0 2129.0 2117.0 2067.0 2067.0 2079.0 1974.0 1910.0 1870.0 1845.0 1758.0
2316.0 2209.0 2229.0 2335.0 2441.0 2464.0 2431.0 2257.0 2236.0 2257.0 2293.0 2414.0 2297.0 2395.0 2327.0 2274.0 2341.0 2387.0 2181.0 2151.0 2304.0 2266.0 2215.0 2207.0 2244.0 2275.0 2258.0 2204.0 2171.0 2224.0 2280.0 2280.0 2209.0 2210.0 2225.0 2212.0 2252.0 2248.0 2223.0 2240.0 2233.0 2229.0 2235.0 2197.0 2196.0 2230.0 2216.0 2185.0 2200.0 2193.0 2202.0 2243.0 2233.0 2192.0 2211.0 2198.0 2191.0 2190.0 2169.0 2184.0 2152.0 2120.0 2132.0 2135.0 2142.0 2132.0 2117.0 2135.0 2113.0 2121.0 2129.0 2118.0 2073.0 2039.0 2005.0 1944.0 1898.0 1871.0 1842.0 1749.0
2400.0 2427.0 2410.0 2417.0 2421.0 2435.0 2920.0 2329.0 2120.0 2135.0 2327.0 2308.0 2241.0 2235.0 2217.0 2244.0 2351.0 2387.0 2337.0 2353.0 2332.0 2269.0 2297.0 2304.0 2242.0 2182.0 2291.0 2231.0 2246.0 2216.0 2243.0 2288.0 2208.0 2231.0 2245.0 2242.0 2228.0 2233.0 2224.0 2235.0 2231.0 2234.0 2230.0 2221.0 2204.0 2183.0 2186.0 2171.0 2168.0 2191.0 2221.0 2229.0 2212.0 2198.0 2207.0 2200.0 2208.0 2169.0 2160.0 2189.0 2156.0 2116.0 2093.0 2041.0 2095.0 2076.0 2021.0 2030.0 2069.0 2068.0 2012.0 2060.0 2054.0 1998.0 1986.0 1921.0 1900.0 1870.0 1838.0 1749.0
2389.0 2407.0 2242.0 2360.0 2441.0 2407.0 2605.0 2234.0 2238.0 2267.0 2150.0 2211.0 2311.0 2225.0 2333.0 2400.0 2337.0 2294.0 2181.0 2267.0 2177.0 2293.0 2272.0 2256.0 2220.0 2153.0 2218.0 2148.0 2189.0 2227.0 2267.0 2248.0 2178.0 2218.0 2239.0 2239.0 2265.0 2240.0 2225.0 2230.0 2226.0 2207.0 2203.0 2213.0 2202.0 2178.0 2179.0 2186.0 2179.0 2195.0 2207.0 2207.0 2183.0 2185.0 2208.0 2204.0 2213.0 2164.0 2158.0 2170.0 2151.0 2137.0 2085.0 2017.0 1953.0 1831.0 1867.0 1867.0 1866.0 1854.0 1848.0 1859.0 1852.0 1837.0 1833.0 1817.0 1812.0 1841.0 1812.0 1728.0
2306.0 2371.0 2161.0 2320.0 2427.0 2366.0 2438.0 2319.0 2246.0 2135.0 2118.0 2251.0 2244.0 2240.0 2243.0 2277.0 2277.0 2227.0 2183.0 2246.0 2256.0 2231.0 2250.0 2267.0 2241.0 2185.0 2183.0 2223.0 2207.0 2249.0 2248.0 2249.0 2207.0 2252.0 2237.0 2205.0 2203.0 2186.0 2217.0 2240.0 2230.0 2197.0 2216.0 2228.0 2193.0 2177.0 2187.0 2186.0 2217.0 2196.0 2199.0 2196.0 2185.0 2181.0 2208.0 2205.0 2182.0 2172.0 2169.0 2179.0 2158.0 2143.0 2079.0 2021.0 1942.0 1816.0 1771.0 1689.0 1661.0 1690.0 1685.0 1687.0 1687.0 1681.0 1666.0 1642.0 1638.0 1658.0 1667.0 1660.0
2244.0 2201.0 2230.0 2331.0 2220.0 2114.0 2358.0 2320.0 2383.0 2323.0 2165.0 2289.0 2229.0 2229.0 2209.0 2275.0 2377.0 2385.0 2251.0 2166.0 2263.0 2268.0 2217.0 2188.0 2140.0 2134.0 2206.0 2146.0 2189.0 2176.0 2250.0 2247.0 2210.0 2262.0 2200.0 2229.0 2261.0 2219.0 2227.0 2236.0 2225.0 2198.0 2229.0 2230.0 2178.0 2176.0 2209.0 2223.0 2194.0 2190.0 2184.0 2191.0 2214.0 2187.0 2191.0 2191.0 2191.0 2195.0 2180.0 2179.0 2151.0 2113.0 2067.0 2025.0 1943.0 1819.0 1769.0 1663.0 1587.0 1550.0 1499.0 1470.0 1502.0 1501.0 1502.0 1502.0 1501.0 1509.0 1516.0 1499.0
2234.0 2144.0 2410.0 2340.0 2219.0 2142.0 2214.0 2305.0 2385.0 2358.0 2341.0 2262.0 2184.0 2097.0 2165.0 2228.0 2187.0 2223.0 2354.0 2253.0 2186.0 2273.0 2245.0 2247.0 2217.0 2139.0 2173.0 2230.0 2223.0 2172.0 2246.0 2183.0 2231.0 2228.0 2241.0 2243.0 2206.0 2232.0 2257.0 2228.0 2227.0 2240.0 2221.0 2171.0 2177.0 2196.0 2200.0 2184.0 2184.0 2187.0 2167.0 2185.0 2204.0 2180.0 2190.0 2163.0 2167.0 2186.0 2189.0 2164.0 2142.0 2119.0 2081.0 2019.0 1938.0 1816.0 1763.0 1652.0 1576.0 1535.0 1480.0 1436.0 1399.0 1334.0 1369.0 1372.0 1369.0 1377.0 1385.0 1390.0
2283.0 2251.0 2497.0 2397.0 2350.0 2274.0 2125.0 2130.0 2238.0 2306.0 2347.0 2292.0 2092.0 2097.0 2171.0 2259.0 2187.0 2116.0 2287.0 2172.0 2176.0 2260.0 2230.0 2236.0 2214.0 2155.0 2220.0 2268.0 2231.0 2237.0 2194.0 2303.0 2202.0 2232.0 2222.0 2231.0 2205.0 2199.0 2199.0 2199.0 2220.0 2206.0 2163.0 2169.0 2202.0 2223.0 2225.0 2203.0 2181.0 2147.0 2155.0 2180.0 2203.0 2161.0 2149.0 2147.0 2112.0 2123.0 2139.0 2080.0 2042.0 2052.0 2077.0 2019.0 1942.0 1811.0 1763.0 1670.0 1582.0 1527.0 1475.0 1437.0 1404.0 1323.0 1267.0 1222.0 1198.0 1196.0 1244.0 1262.0
2023.0 2146.0 2497.0 2514.0 2348.0 2144.0 2122.0 1967.0 2226.0 2282.0 2256.0 2236.0 2092.0 2178.0 2172.0 2248.0 2277.0 2238.0 2256.0 2244.0 2193.0 2264.0 2217.0 2215.0 2236.0 2251.0 2235.0 2217.0 2231.0 2244.0 2203.0 2167.0 2151.0 2230.0 2123.0 2223.0 2213.0 2184.0 2205.0 2225.0 2211.0 2247.0 2230.0 2166.0 2172.0 2174.0 2195.0 2170.0 2194.0 2194.0 2167.0 2189.0 2198.0 2178.0 2181.0 2161.0 2159.0 2101.0 2094.0 2113.0 2045.0 2046.0 2046.0 2023.0 1939.0 1830.0 1763.0 1656.0 1571.0 1527.0 1475.0 1426.0 1391.0 1318.0 1268.0 1225.0 1196.0 1149.0 1130.0 1101.0
2583.0 2390.0 1908.0 2340.0 2313.0 2268.0 2358.0 2275.0 2383.0 2298.0 2123.0 2121.0 2199.0 2232.0 2190.0 2250.0 2313.0 2324.0 2256.0 2248.0 2186.0 2186.0 2223.0 2216.0 2167.0 2121.0 2099.0 2107.0 2221.0 2232.0 2202.0 2171.0 2212.0 2229.0 2234.0 2208.0 2261.0 2202.0 2254.0 2219.0 2206.0 2199.0 2161.0 2169.0 2207.0 2174.0 2142.0 2152.0 2186.0 2189.0 2188.0 2187.0 2192.0 2148.0 2142.0 2161.0 2160.0 2158.0 2160.0 2154.0 2046.0 2045.0 2045.0 2021.0 1935.0 1828.0 1757.0 1665.0 1578.0 1530.0 1480.0 1422.0 1370.0 1315.0 1265.0 1224.0 1189.0 1142.0 1121.0 1077.0
2234.0 2211.0 2270.0 2107.0 2226.0 2648.0 3050.0 2651.0 2691.0 2305.0 2117.0 2282.0 2277.0 2230.0 2265.0 2280.0 2334.0 2388.0 2267.0 2282.0 2208.0 2194.0 2238.0 2212.0 2170.0 2131.0 2139.0 2248.0 2317.0 2255.0 2251.0 2306.0 2197.0 2171.0 2144.0 2039.0 2196.0 2191.0 2235.0 2222.0 2208.0 2198.0 2224.0 2165.0 2169.0 2229.0 2206.0 2160.0 2140.0 2145.0 2123.0 2112.0 2175.0 2148.0 2151.0 2168.0 2158.0 2154.0 2162.0 2144.0 2094.0 2047.0 2042.0 2021.0 1899.0 1819.0 1750.0 1677.0 1579.0 1522.0 1488.0 1410.0 1355.0 1316.0 1265.0 1225.0 1185.0 1142.0 1119.0 1071.0
2403.0 2499.0 2267.0 2093.0 2229.0 2296.0 2265.0 1971.0 2327.0 2364.0 2364.0 2404.0 2417.0 2230.0 2313.0 2280.0 2335.0 2389.0 2325.0 2316.0 2146.0 2198.0 2296.0 2225.0 2226.0 2239.0 2234.0 2252.0 2235.0 2242.0 2186.0 2276.0 2101.0 2239.0 2130.0 2167.0 2196.0 2197.0 2169.0 2222.0 2208.0 2202.0 2251.0 2250.0 2226.0 2189.0 2228.0 2210.0 2125.0 2136.0 2182.0 2125.0 2107.0 2146.0 2157.0 2164.0 2140.0 2098.0 2128.0 2140.0 2105.0 2053.0 2044.0 2026.0 1907.0 1826.0 1744.0 1674.0 1574.0 1513.0 1483.0 1410.0 1360.0 1318.0 1263.0 1224.0 1186.0 1143.0 1116.0 1065.0
2403.0 2373.0 2256.0 2224.0 2292.0 2172.0 2102.0 2126.0 2420.0 2331.0 2252.0 2296.0 2417.0 2244.0 2230.0 2269.0 2325.0 2322.0 2329.0 2307.0 2144.0 2184.0 2283.0 2246.0 2279.0 2248.0 2221.0 2247.0 2258.0 2246.0 2195.0 2208.0 2186.0 2205.0 2132.0 2200.0 2230.0 2186.0 2117.0 2217.0 2235.0 2252.0 2158.0 2162.0 2231.0 2177.0 2146.0 2144.0 2122.0 2132.0 2128.0 2119.0 2135.0 2151.0 2151.0 2146.0 2142.0 2119.0 2097.0 2112.0 2037.0 2041.0 2090.0 2028.0 1913.0 1852.0 1747.0 1672.0 1574.0 1512.0 1492.0 1412.0 1360.0 1319.0 1264.0 1229.0 1187.0 1138.0 1116.0 1055.0
2222.0 2202.0 2246.0 2298.0 2120.0 2178.0 2168.0 1970.0 2323.0 2183.0 2205.0 2278.0 2197.0 2206.0 1995.0 2285.0 2340.0 2272.0 2209.0 2253.0 2250.0 2194.0 2249.0 2268.0 2288.0 2214.0 2215.0 2284.0 2307.0 2270.0 2181.0 2309.0 2190.0 2139.0 2229.0 2202.0 2190.0 2146.0 2187.0 2232.0 2213.0 2198.0 2165.0 2167.0 2189.0 2184.0 2173.0 2137.0 2132.0 2137.0 2126.0 2189.0 2170.0 2144.0 2120.0 2108.0 2181.0 2148.0 2098.0 2127.0 2104.0 2092.0 2085.0 2017.0 1887.0 1834.0 1743.0 1673.0 1582.0 1505.0 1439.0 1407.0 1367.0 1321.0 1253.0 1213.0 1169.0 1136.0 1119.0 1057.0
2042.0 2234.0 2306.0 2105.0 2234.0 2301.0 2261.0 2161.0 2155.0 2290.0 2252.0 2228.0 2270.0 2240.0 2225.0 2375.0 2337.0 2212.0 2170.0 2215.0 2327.0 2211.0 2243.0 2268.0 2282.0 2213.0 2219.0 2283.0 2291.0 2185.0 2168.0 2203.0 2188.0 2227.0 2182.0 2216.0 2227.0 2197.0 2211.0 2226.0 2218.0 2278.0 2114.0 2075.0 2170.0 2244.0 2211.0 2142.0 2136.0 2105.0 2141.0 2189.0 2200.0 2171.0 2120.0 2148.0 2181.0 2128.0 2130.0 2144.0 2101.0 2116.0 2135.0 2051.0 1898.0 1835.0 1735.0 1679.0 1590.0 1510.0 1450.0 1404.0 1364.0 1322.0 1253.0 1218.0 1170.0 1141.0 1118.0 1062.0
2037.0 2370.0 2285.0 2007.0 2299.0 2301.0 2265.0 2175.0 1945.0 2183.0 2101.0 2044.0 2193.0 2078.0 2092.0 2212.0 2212.0 2210.0 2185.0 2235.0 2376.0 2215.0 2158.0 2192.0 2197.0 2215.0 2241.0 2278.0 2232.0 2117.0 2111.0 2151.0 2108.0 2240.0 2263.0 2233.0 2189.0 2166.0 2254.0 2229.0 2180.0 2289.0 2269.0 2163.0 2171.0 2182.0 2168.0 2141.0 2157.0 2134.0 2089.0 2120.0 2121.0 2056.0 2078.0 2157.0 2212.0 2219.0 2148.0 2141.0 2150.0 2143.0 2128.0 2057.0 1932.0 1870.0 1732.0 1672.0 1572.0 1494.0 1437.0 1406.0 1371.0 1324.0 1247.0 1209.0 1166.0 1134.0 1119.0 1064.0
2003.0 1993.0 2072.0 2110.0 2133.0 2319.0 2408.0 2251.0 1945.0 2362.0 2207.0 2044.0 2133.0 2378.0 2220.0 2240.0 2215.0 2212.0 2206.0 2236.0 2297.0 2327.0 2159.0 2170.0 2141.0 2212.0 2222.0 2234.0 2236.0 2150.0 2116.0 2161.0 2097.0 2221.0 2195.0 2189.0 2189.0 2232.0 2215.0 2225.0 2208.0 2285.0 2277.0 2230.0 2176.0 2184.0 2175.0 2135.0 2123.0 2098.0 2115.0 2193.0 2203.0 2072.0 2127.0 2179.0 2212.0 2147.0 2088.0 2097.0 2104.0 2107.0 2093.0 2015.0 1937.0 1914.0 1706.0 1663.0 1620.0 1499.0 1430.0 1407.0 1369.0 1320.0 1236.0 1186.0 1163.0 1136.0 1118.0 1058.0
2634.0 2634.0 2489.0 2297.0 2119.0 2298.0 2171.0 2096.0 2308.0 2467.0 2352.0 2228.0 2259.0 2467.0 2330.0 2330.0 2144.0 2022.0 2173.0 2353.0 2337.0 2326.0 2276.0 2152.0 2154.0 2216.0 2140.0 2200.0 2302.0 2203.0 2164.0 2166.0 2117.0 2234.0 2186.0 2211.0 2206.0 2229.0 2164.0 2215.0 2185.0 2212.0 2248.0 2227.0 2175.0 2176.0 2158.0 2157.0 2164.0 2179.0 2169.0 2151.0 2125.0 2129.0 2132.0 2105.0 2134.0 2236.0 2243.0 2208.0 2103.0 2113.0 2123.0 2100.0 2116.0 2040.0 1891.0 1664.0 1575.0 1502.0 1429.0 1379.0 1364.0 1318.0 1243.0 1193.0 1163.0 1143.0 1118.0 1071.0
2394.0 2439.0 2727.0 2762.0 2351.0 1615.0 1615.0 1954.0 2404.0 2364.0 2352.0 2310.0 2259.0 2263.0 2325.0 2312.0 2235.0 2212.0 2233.0 2231.0 2080.0 2284.0 2224.0 2276.0 2175.0 2295.0 2223.0 2272.0 2293.0 2146.0 2154.0 2168.0 2145.0 2241.0 2248.0 2251.0 2239.0 2223.0 2230.0 2190.0 2140.0 2213.0 2210.0 2232.0 2258.0 2235.0 2158.0 2142.0 2145.0 2126.0 2147.0 2134.0 2124.0 2175.0 2175.0 2156.0 2213.0 2228.0 2188.0 2157.0 2105.0 2076.0 2126.0 2089.0 2061.0 2073.0 1947.0 1791.0 1559.0 1477.0 1428.0 1405.0 1366.0 1318.0 1245.0 1188.0 1164.0 1139.0 1115.0 1076.0
2323.0 2262.0 2303.0 2310.0 2331.0 2072.0 2105.0 2095.0 2085.0 2091.0 2410.0 2312.0 2134.0 2222.0 2329.0 1991.0 2125.0 2218.0 2194.0 2138.0 2144.0 2271.0 2218.0 2234.0 2177.0 2296.0 2256.0 2278.0 2293.0 2201.0 2184.0 2167.0 2161.0 2243.0 2238.0 2292.0 2240.0 2224.0 2291.0 2170.0 2141.0 2224.0 2149.0 2152.0 2258.0 2234.0 2156.0 2151.0 2161.0 2137.0 2152.0 2162.0 2125.0 2119.0 2131.0 2109.0 2131.0 2160.0 2083.0 2086.0 2131.0 2133.0 2104.0 2042.0 2052.0 2069.0 2006.0 1921.0 1646.0 1476.0 1425.0 1396.0 1360.0 1311.0 1246.0 1170.0 1160.0 1130.0 1116.0 1070.0
2204.0 2223.0 2207.0 2302.0 2349.0 2241.0 2281.0 2255.0 2078.0 1748.0 2610.0 2239.0 2133.0 2228.0 2216.0 1991.0 2222.0 2285.0 2321.0 2250.0 2066.0 2002.0 2245.0 2374.0 2150.0 2284.0 2151.0 2147.0 2226.0 2237.0 2187.0 2168.0 2154.0 2245.0 2193.0 2265.0 2171.0 2213.0 2220.0 2151.0 2203.0 2207.0 2139.0 2110.0 2116.0 2165.0 2113.0 2125.0 2087.0 2104.0 2154.0 2119.0 2106.0 2099.0 2127.0 2144.0 2133.0 2152.0 2141.0 2086.0 2075.0 2035.0 2088.0 2091.0 2113.0 2074.0 1981.0 1929.0 1795.0 1641.0 1423.0 1375.0 1354.0 1317.0 1260.0 1167.0 1162.0 1127.0 1112.0 1065.0
2085.0 2169.0 2488.0 2551.0 2550.0 2607.0 2281.0 2294.0 2442.0 2361.0 2120.0 2129.0 2255.0 2266.0 2228.0 2319.0 2259.0 2293.0 2191.0 2215.0 2259.0 2195.0 2275.0 2374.0 2297.0 2233.0 2311.0 2281.0 2216.0 2252.0 2246.0 2169.0 2105.0 2177.0 2094.0 2105.0 2155.0 2209.0 2142.0 2140.0 2225.0 2179.0 2164.0 2123.0 2108.0 2131.0 2111.0 2089.0 2106.0 2171.0 2162.0 2126.0 2129.0 2163.0 2160.0 2109.0 2179.0 2237.0 2220.0 2239.0 2110.0 2069.0 2084.0 2040.0 2051.0 2075.0 2068.0 2068.0 2040.0 1992.0 1702.0 1404.0 1358.0 1318.0 1278.0 1169.0 1161.0 1116.0 1100.0 1073.0
2030.0 2168.0 2727.0 2551.0 2550.0 2607.0 2412.0 2604.0 2442.0 1963.0 1963.0 2117.0 2260.0 2391.0 2352.0 2444.0 2219.0 2275.0 2102.0 2157.0 2250.0 2203.0 2264.0 2256.0 2100.0 2114.0 2204.0 2067.0 2086.0 2210.0 2194.0 2167.0 2157.0 2084.0 2094.0 2156.0 2152.0 2216.0 2134.0 2139.0 2181.0 2197.0 2165.0 2137.0 2114.0 2123.0 2101.0 2084.0 2118.0 2132.0 2139.0 2114.0 2128.0 2171.0 2180.0 2258.0 2285.0 2242.0 2218.0 2243.0 2219.0 2068.0 2085.0 2086.0 2057.0 2063.0 2022.0 2044.0 2067.0 2072.0 1903.0 1599.0 1361.0 1312.0 1282.0 1169.0 1140.0 1114.0 1099.0 1066.0
2323.0 2218.0 2486.0 2323.0 2259.0 2241.0 2102.0 2281.0 2079.0 2091.0 2707.0 2104.0 2139.0 2272.0 2328.0 2332.0 2271.0 2207.0 2199.0 2220.0 2242.0 2253.0 2283.0 2230.0 2103.0 2300.0 2184.0 2223.0 2210.0 2250.0 2189.0 2011.0 2042.0 2084.0 2227.0 2156.0 2172.0 2207.0 2129.0 2157.0 2165.0 2180.0 2169.0 2123.0 2114.0 2128.0 2125.0 2074.0 2130.0 2158.0 2140.0 2108.0 2122.0 2121.0 2125.0 2133.0 2198.0 2190.0 2137.0 2205.0 2214.0 2024.0 1991.0 2086.0 2094.0 2046.0 1988.0 2042.0 2047.0 2071.0 1957.0 1903.0 1589.0 1310.0 1285.0 1164.0 1137.0 1120.0 1102.0 1054.0
2032.0 2157.0 2349.0 1725.0 1868.0 2056.0 2104.0 2060.0 2076.0 2258.0 2265.0 2072.0 2046.0 2199.0 2204.0 2153.0 2262.0 2092.0 2321.0 2271.0 2252.0 2269.0 2288.0 2257.0 2297.0 2291.0 2124.0 2077.0 2127.0 2260.0 2297.0 2279.0 2155.0 2176.0 2187.0 2270.0 2149.0 2188.0 2133.0 2275.0 2177.0 2145.0 2277.0 2142.0 2112.0 2150.0 2150.0 2049.0 2089.0 2164.0 2140.0 2123.0 2128.0 2106.0 2125.0 2124.0 2134.0 2132.0 2137.0 2202.0 2128.0 1995.0 1991.0 2078.0 2050.0 2030.0 1972.0 2041.0 2039.0 2059.0 1956.0 1946.0 1945.0 1470.0 1285.0 1163.0 1161.0 1116.0 1099.0 1051.0
