1342.0 1241.0 1081.0 1291.0 1206.0 1216.0 1387.0 1377.0 1446.0 1613.0 1730.0 1608.0 1608.0 1607.0 1725.0 1838.0 1818.0 1724.0 1719.0 1822.0 1893.0 1891.0 1891.0 1891.0 1998.0 1878.0 1847.0 1936.0 1976.0 1849.0 1843.0 1955.0 1960.0 1960.0 2051.0 2115.0 1929.0 1936.0 2063.0 2089.0 2073.0 2143.0 2141.0 2116.0 2101.0 2109.0 2103.0 2094.0 2118.0 2103.0 2149.0 2162.0 2149.0 2166.0 2259.0 2258.0 2161.0 2084.0 2088.0 2156.0 2179.0 2134.0 2044.0 2040.0 2042.0 2067.0 2094.0 2111.0 2104.0 2103.0 2104.0 2098.0 2106.0 2010.0 2026.0 1861.0 1840.0 1842.0 1745.0 1785.0
1471.0 1501.0 1335.0 1388.0 1335.0 1265.0 1305.0 1338.0 1527.0 1758.0 1726.0 1525.0 1502.0 1476.0 1507.0 1468.0 1700.0 1776.0 1766.0 1831.0 1864.0 1801.0 1760.0 1847.0 1902.0 1974.0 1766.0 1913.0 1979.0 1866.0 1877.0 2023.0 1998.0 2023.0 2028.0 2110.0 2020.0 2067.0 2015.0 2069.0 2062.0 2047.0 2058.0 2048.0 2059.0 2077.0 2111.0 2128.0 2139.0 2132.0 2141.0 2152.0 2144.0 2148.0 2147.0 2160.0 2151.0 2107.0 2144.0 2176.0 2211.0 2095.0 2063.0 2048.0 2075.0 2036.0 2124.0 2146.0 2058.0 2071.0 2086.0 2122.0 2134.0 2046.0 1997.0 1948.0 1842.0 1819.0 1803.0 1749.0
1465.0 1242.0 1242.0 1388.0 1556.0 1567.0 1305.0 1270.0 1287.0 1537.0 1726.0 1563.0 1509.0 1476.0 1430.0 1435.0 1769.0 1772.0 1765.0 1810.0 1860.0 1801.0 1760.0 1853.0 1904.0 1974.0 1944.0 1928.0 1978.0 1961.0 1880.0 1912.0 1968.0 1928.0 1948.0 2007.0 2009.0 2067.0 2061.0 2076.0 2075.0 2047.0 2066.0 2059.0 2066.0 2139.0 2119.0 2126.0 2136.0 2132.0 2130.0 2144.0 2153.0 2147.0 2146.0 2095.0 2094.0 2107.0 2149.0 2145.0 2131.0 2101.0 2097.0 2135.0 2085.0 2041.0 2122.0 2140.0 2046.0 2047.0 2089.0 2111.0 2134.0 2051.0 1994.0 1940.0 1890.0 1812.0 1800.0 1742.0
1447.0 1544.0 1099.0 1251.0 1556.0 1777.0 1604.0 1426.0 1287.0 1250.0 1598.0 1447.0 1479.0 1596.0 1588.0 1407.0 1802.0 1759.0 1768.0 1788.0 1850.0 1942.0 1929.0 1900.0 1889.0 1863.0 1938.0 1978.0 1976.0 1961.0 1935.0 1921.0 1938.0 1961.0 1954.0 1986.0 1980.0 2075.0 2092.0 2080.0 2099.0 2107.0 2096.0 2086.0 2098.0 2172.0 2137.0 2094.0 2100.0 2129.0 2124.0 2125.0 2174.0 2198.0 2145.0 2101.0 2143.0 2153.0 2151.0 2143.0 2132.0 2106.0 2125.0 2130.0 2094.0 2045.0 2093.0 2084.0 2047.0 2050.0 2097.0 2077.0 2134.0 2050.0 1984.0 1932.0 1900.0 1801.0 1810.0 1725.0
1269.0 1544.0 1100.0 1081.0 1307.0 1567.0 1714.0 1705.0 1574.0 1536.0 1749.0 1564.0 1520.0 1607.0 1706.0 1389.0 1778.0 1740.0 1764.0 1792.0 1849.0 1942.0 1864.0 1849.0 1909.0 1853.0 1936.0 1892.0 1857.0 1890.0 1902.0 1911.0 1920.0 1963.0 1901.0 2007.0 1997.0 2101.0 2099.0 2075.0 2099.0 2149.0 2090.0 2099.0 2098.0 2127.0 2105.0 2077.0 2092.0 2123.0 2121.0 2130.0 2119.0 2136.0 2140.0 2134.0 2157.0 2153.0 2145.0 2140.0 2167.0 2180.0 2159.0 2132.0 2151.0 2127.0 2107.0 2115.0 2109.0 2105.0 2090.0 2072.0 2126.0 2047.0 1988.0 1930.0 1900.0 1810.0 1811.0 1721.0
1269.0 1248.0 1098.0 1100.0 1307.0 1133.0 1325.0 1494.0 1574.0 1441.0 1410.0 1551.0 1622.0 1608.0 1706.0 1550.0 1697.0 1778.0 1799.0 1780.0 1668.0 1823.0 1938.0 1982.0 1899.0 1883.0 1926.0 1897.0 1891.0 1866.0 1791.0 1900.0 1937.0 1959.0 1904.0 2099.0 2064.0 2099.0 2104.0 2071.0 2100.0 2149.0 2104.0 2085.0 2097.0 2128.0 2098.0 2080.0 2099.0 2121.0 2120.0 2127.0 2172.0 2197.0 2193.0 2202.0 2160.0 2139.0 2115.0 2136.0 2180.0 2179.0 2157.0 2121.0 2111.0 2121.0 2116.0 2082.0 2049.0 2088.0 2083.0 2068.0 2108.0 2052.0 1988.0 1919.0 1909.0 1881.0 1823.0 1725.0
1018.0 989.0 1054.0 1055.0 1001.0 1133.0 1123.0 1253.0 1416.0 1440.0 1382.0 1475.0 1653.0 1636.0 1764.0 1749.0 1684.0 1742.0 1772.0 1784.0 1846.0 1822.0 1861.0 1771.0 1768.0 1841.0 1810.0 1775.0 1835.0 1862.0 1799.0 1889.0 1933.0 1998.0 2017.0 2098.0 2060.0 2067.0 2083.0 2079.0 2102.0 2108.0 2101.0 2096.0 2106.0 2165.0 2121.0 2092.0 2108.0 2122.0 2114.0 2126.0 2156.0 2121.0 2145.0 2212.0 2207.0 2124.0 2077.0 2133.0 2176.0 2178.0 2153.0 2077.0 2096.0 2129.0 2117.0 2103.0 2097.0 2127.0 2120.0 2121.0 2101.0 2030.0 1990.0 1925.0 1900.0 1848.0 1817.0 1737.0
681.0 678.0 674.0 683.0 712.0 931.0 986.0 991.0 1116.0 1218.0 1383.0 1476.0 1645.0 1710.0 1766.0 1749.0 1690.0 1737.0 1737.0 1711.0 1851.0 1825.0 1850.0 1779.0 1776.0 1845.0 1848.0 1856.0 1834.0 1768.0 1782.0 1909.0 1914.0 1989.0 2020.0 1946.0 2000.0 2053.0 2060.0 2085.0 2053.0 2046.0 2068.0 2125.0 2118.0 2104.0 2096.0 2076.0 2090.0 2129.0 2117.0 2104.0 2118.0 2133.0 2130.0 2130.0 2154.0 2114.0 2063.0 2067.0 2141.0 2177.0 2055.0 2038.0 2083.0 2125.0 2136.0 2102.0 2068.0 2093.0 2105.0 2075.0 2089.0 2033.0 1988.0 1934.0 1895.0 1813.0 1814.0 1738.0
297.0 301.0 330.0 438.0 495.0 681.0 757.0 822.0 841.0 880.0 1080.0 1275.0 1344.0 1525.0 1534.0 1343.0 1293.0 1487.0 1642.0 1677.0 1668.0 1754.0 1654.0 1766.0 1773.0 1856.0 1881.0 1862.0 1831.0 1736.0 1728.0 1865.0 1895.0 1933.0 1891.0 1883.0 2003.0 2093.0 2065.0 2079.0 2030.0 2008.0 2078.0 2083.0 2113.0 2119.0 2091.0 2075.0 2100.0 2122.0 2118.0 2128.0 2138.0 2135.0 2135.0 2133.0 2097.0 2114.0 2116.0 2129.0 2122.0 2097.0 2062.0 2074.0 2080.0 2072.0 2094.0 2124.0 2067.0 2067.0 2102.0 2064.0 2069.0 2056.0 1987.0 1917.0 1893.0 1829.0 1813.0 1730.0
504.0 447.0 440.0 437.0 407.0 429.0 462.0 511.0 621.0 662.0 807.0 946.0 980.0 970.0 1032.0 983.0 976.0 1008.0 1156.0 1345.0 1536.0 1766.0 1654.0 1785.0 1774.0 1822.0 1810.0 1774.0 1769.0 1772.0 1787.0 1842.0 1830.0 1880.0 1889.0 1885.0 2054.0 2035.0 2066.0 2074.0 2060.0 2104.0 2058.0 2065.0 2096.0 2119.0 2124.0 2102.0 2144.0 2147.0 2132.0 2121.0 2131.0 2193.0 2178.0 2197.0 2202.0 2124.0 2111.0 2134.0 2114.0 2096.0 2105.0 2138.0 2167.0 2079.0 2067.0 2088.0 2097.0 2123.0 2126.0 2132.0 2092.0 2036.0 1981.0 1927.0 1896.0 1862.0 1807.0 1708.0
411.0 412.0 428.0 437.0 400.0 388.0 348.0 344.0 344.0 435.0 592.0 730.0 810.0 716.0 679.0 724.0 765.0 813.0 874.0 929.0 1167.0 1430.0 1430.0 1604.0 1634.0 1648.0 1680.0 1730.0 1734.0 1839.0 1826.0 1860.0 1827.0 1872.0 1893.0 1935.0 2038.0 1995.0 2060.0 2084.0 2110.0 2060.0 2059.0 2122.0 2065.0 2089.0 2127.0 2130.0 2138.0 2146.0 2143.0 2120.0 2123.0 2116.0 2108.0 2126.0 2124.0 2107.0 2120.0 2144.0 2126.0 2142.0 2143.0 2105.0 2105.0 2088.0 2076.0 2098.0 2095.0 2076.0 2070.0 2076.0 2097.0 2050.0 1935.0 1908.0 1891.0 1850.0 1806.0 1721.0
301.0 306.0 325.0 355.0 386.0 426.0 462.0 511.0 495.0 428.0 415.0 521.0 717.0 811.0 722.0 720.0 759.0 794.0 771.0 782.0 814.0 897.0 1039.0 1136.0 1314.0 1386.0 1451.0 1525.0 1536.0 1732.0 1740.0 1773.0 1731.0 1876.0 1881.0 1938.0 1984.0 2015.0 2072.0 2084.0 2076.0 1994.0 2011.0 2088.0 2101.0 2086.0 2082.0 2083.0 2128.0 2140.0 2137.0 2133.0 2182.0 2187.0 2193.0 2143.0 2089.0 2091.0 2097.0 2126.0 2142.0 2142.0 2118.0 2130.0 2166.0 2125.0 2139.0 2152.0 2069.0 2038.0 2070.0 2076.0 2081.0 2050.0 1938.0 1911.0 1891.0 1845.0 1810.0 1745.0
312.0 311.0 323.0 336.0 326.0 329.0 354.0 380.0 495.0 479.0 592.0 526.0 523.0 609.0 679.0 644.0 630.0 673.0 769.0 782.0 794.0 802.0 810.0 826.0 960.0 1033.0 1062.0 1086.0 1218.0 1348.0 1348.0 1490.0 1600.0 1823.0 1910.0 1940.0 1907.0 1967.0 2079.0 2077.0 2070.0 2068.0 2088.0 2124.0 2073.0 2084.0 2136.0 2137.0 2134.0 2141.0 2131.0 2109.0 2174.0 2173.0 2132.0 2126.0 2118.0 2106.0 2110.0 2141.0 2115.0 2094.0 2109.0 2121.0 2083.0 2072.0 2076.0 2126.0 2093.0 2054.0 2104.0 2116.0 2070.0 2060.0 2032.0 1927.0 1889.0 1824.0 1811.0 1744.0
411.0 410.0 403.0 345.0 322.0 315.0 313.0 305.0 335.0 425.0 460.0 514.0 508.0 513.0 527.0 596.0 608.0 598.0 644.0 708.0 757.0 802.0 810.0 822.0 794.0 795.0 798.0 812.0 839.0 876.0 943.0 1104.0 1332.0 1637.0 1869.0 1887.0 1876.0 1964.0 1961.0 2020.0 1985.0 1993.0 2046.0 2062.0 2050.0 1995.0 2020.0 2074.0 2061.0 2070.0 2078.0 2099.0 2113.0 2089.0 2106.0 2122.0 2121.0 2110.0 2109.0 2138.0 2109.0 2087.0 2103.0 2098.0 2085.0 2072.0 2057.0 2092.0 2069.0 2041.0 2068.0 2110.0 2098.0 2053.0 1966.0 1920.0 1889.0 1828.0 1802.0 1722.0
410.0 411.0 409.0 362.0 346.0 331.0 331.0 331.0 325.0 324.0 331.0 351.0 468.0 515.0 526.0 524.0 552.0 582.0 593.0 605.0 631.0 657.0 683.0 766.0 793.0 794.0 796.0 809.0 833.0 876.0 894.0 864.0 911.0 1130.0 1362.0 1628.0 1876.0 1939.0 1939.0 1924.0 1993.0 2063.0 2057.0 2055.0 2057.0 2066.0 2110.0 2129.0 2132.0 2108.0 2078.0 2105.0 2116.0 2102.0 2104.0 2113.0 2119.0 2099.0 2080.0 2105.0 2099.0 2088.0 2102.0 2100.0 2096.0 2076.0 2056.0 2092.0 2067.0 2074.0 2105.0 2108.0 2090.0 2062.0 2026.0 1926.0 1893.0 1837.0 1811.0 1727.0
320.0 319.0 323.0 350.0 363.0 367.0 356.0 359.0 387.0 422.0 413.0 416.0 441.0 501.0 527.0 508.0 510.0 530.0 584.0 601.0 622.0 634.0 643.0 664.0 682.0 693.0 700.0 705.0 711.0 723.0 738.0 864.0 911.0 914.0 882.0 1241.0 1618.0 1808.0 1926.0 1908.0 1989.0 2068.0 2065.0 2064.0 2068.0 2064.0 2086.0 2082.0 2047.0 2074.0 2126.0 2132.0 2116.0 2084.0 2075.0 2108.0 2111.0 2100.0 2089.0 2117.0 2100.0 2085.0 2109.0 2104.0 2076.0 2061.0 2064.0 2094.0 2066.0 2049.0 2054.0 2049.0 2080.0 2051.0 1983.0 1933.0 1893.0 1854.0 1814.0 1749.0
306.0 304.0 296.0 316.0 333.0 348.0 347.0 355.0 365.0 419.0 417.0 419.0 414.0 414.0 471.0 498.0 510.0 498.0 552.0 594.0 582.0 597.0 633.0 663.0 676.0 668.0 674.0 675.0 679.0 693.0 698.0 713.0 733.0 775.0 882.0 995.0 1206.0 1455.0 1704.0 1893.0 1989.0 2041.0 2046.0 2062.0 2065.0 2063.0 2101.0 2115.0 2130.0 2131.0 2116.0 2103.0 2113.0 2103.0 2095.0 2118.0 2117.0 2099.0 2092.0 2118.0 2099.0 2082.0 2094.0 2087.0 2085.0 2079.0 2080.0 2087.0 2043.0 2053.0 2073.0 2046.0 2054.0 2055.0 2022.0 1945.0 1901.0 1841.0 1805.0 1731.0
319.0 322.0 317.0 320.0 327.0 332.0 329.0 345.0 334.0 340.0 339.0 349.0 373.0 400.0 421.0 485.0 523.0 523.0 532.0 535.0 580.0 593.0 582.0 589.0 612.0 651.0 660.0 669.0 680.0 686.0 693.0 711.0 731.0 774.0 760.0 808.0 855.0 881.0 1258.0 1682.0 1985.0 2018.0 2019.0 2043.0 2038.0 1998.0 2026.0 2068.0 2062.0 2101.0 2110.0 2074.0 2103.0 2096.0 2101.0 2086.0 2091.0 2094.0 2093.0 2117.0 2100.0 2082.0 2086.0 2095.0 2096.0 2094.0 2097.0 2088.0 2032.0 2034.0 2065.0 2042.0 2037.0 2057.0 2010.0 1932.0 1887.0 1850.0 1805.0 1718.0
299.0 302.0 316.0 315.0 324.0 323.0 320.0 332.0 340.0 348.0 352.0 352.0 364.0 390.0 416.0 482.0 530.0 593.0 622.0 602.0 575.0 578.0 580.0 590.0 600.0 620.0 627.0 632.0 638.0 640.0 650.0 657.0 672.0 685.0 716.0 803.0 857.0 881.0 1025.0 1454.0 1941.0 2031.0 2028.0 2050.0 2058.0 2060.0 2084.0 2083.0 2050.0 2063.0 2094.0 2109.0 2101.0 2079.0 2083.0 2064.0 2100.0 2102.0 2091.0 2110.0 2094.0 2077.0 2090.0 2083.0 2077.0 2080.0 2081.0 2086.0 2060.0 2025.0 2032.0 2036.0 2040.0 2044.0 2005.0 1946.0 1885.0 1828.0 1796.0 1717.0
298.0 297.0 296.0 312.0 323.0 327.0 324.0 339.0 346.0 360.0 378.0 389.0 372.0 390.0 414.0 483.0 512.0 495.0 511.0 599.0 589.0 589.0 584.0 592.0 599.0 604.0 612.0 619.0 624.0 625.0 639.0 652.0 664.0 673.0 702.0 722.0 742.0 763.0 858.0 1122.0 1572.0 1998.0 2036.0 2051.0 2069.0 2067.0 2076.0 2085.0 2064.0 2068.0 2087.0 2097.0 2107.0 2085.0 2068.0 2063.0 2081.0 2092.0 2088.0 2117.0 2090.0 2065.0 2084.0 2100.0 2080.0 2046.0 2059.0 2076.0 2063.0 2064.0 2070.0 2046.0 2048.0 2044.0 2005.0 1954.0 1878.0 1838.0 1807.0 1740.0
305.0 308.0 296.0 311.0 326.0 340.0 343.0 355.0 355.0 346.0 342.0 350.0 362.0 351.0 369.0 433.0 527.0 601.0 623.0 595.0 581.0 583.0 572.0 586.0 595.0 605.0 611.0 614.0 618.0 622.0 633.0 644.0 658.0 663.0 673.0 699.0 724.0 731.0 760.0 898.0 1244.0 1773.0 2045.0 2049.0 2037.0 2054.0 2065.0 2052.0 2052.0 2070.0 2091.0 2096.0 2092.0 2100.0 2092.0 2063.0 2075.0 2085.0 2081.0 2113.0 2090.0 2075.0 2069.0 2084.0 2083.0 2075.0 2074.0 2079.0 2063.0 2058.0 2064.0 2047.0 2050.0 2039.0 2005.0 1931.0 1865.0 1823.0 1790.0 1709.0
307.0 316.0 319.0 310.0 322.0 344.0 323.0 344.0 356.0 361.0 361.0 349.0 353.0 352.0 390.0 463.0 510.0 505.0 509.0 530.0 574.0 585.0 587.0 594.0 601.0 606.0 612.0 613.0 616.0 619.0 624.0 640.0 649.0 652.0 664.0 679.0 701.0 720.0 738.0 895.0 1070.0 1547.0 2014.0 2050.0 2055.0 2057.0 2065.0 2057.0 2056.0 2073.0 2057.0 2060.0 2044.0 2068.0 2105.0 2071.0 2065.0 2085.0 2083.0 2106.0 2094.0 2067.0 2066.0 2087.0 2078.0 2076.0 2054.0 2011.0 2029.0 2021.0 2034.0 2032.0 2023.0 2013.0 2001.0 1943.0 1860.0 1816.0 1798.0 1733.0
295.0 305.0 326.0 308.0 314.0 344.0 345.0 333.0 338.0 350.0 359.0 354.0 356.0 360.0 400.0 466.0 493.0 470.0 443.0 483.0 463.0 522.0 565.0 597.0 602.0 606.0 612.0 616.0 618.0 620.0 623.0 625.0 623.0 628.0 638.0 664.0 684.0 711.0 708.0 758.0 937.0 1223.0 1680.0 2050.0 2081.0 2074.0 2078.0 2086.0 2039.0 2022.0 2055.0 2046.0 2030.0 2066.0 2092.0 2073.0 2069.0 2071.0 2075.0 2079.0 2083.0 2060.0 2056.0 2063.0 2052.0 2052.0 2053.0 2007.0 2008.0 2017.0 2027.0 2034.0 2015.0 2007.0 1996.0 1956.0 1871.0 1831.0 1809.0 1754.0
297.0 300.0 327.0 343.0 330.0 331.0 348.0 352.0 353.0 356.0 358.0 360.0 362.0 361.0 391.0 444.0 458.0 449.0 464.0 452.0 475.0 592.0 608.0 607.0 606.0 607.0 613.0 617.0 619.0 620.0 620.0 616.0 622.0 626.0 628.0 640.0 657.0 665.0 699.0 745.0 905.0 1065.0 1514.0 2052.0 2080.0 2063.0 2068.0 2084.0 2052.0 2022.0 2089.0 2048.0 2038.0 2122.0 2139.0 2112.0 2066.0 2068.0 2072.0 2064.0 2078.0 2059.0 2057.0 2047.0 2039.0 2051.0 2063.0 2056.0 2040.0 2038.0 2037.0 2034.0 2009.0 2007.0 1993.0 1931.0 1867.0 1831.0 1803.0 1741.0
306.0 300.0 326.0 359.0 362.0 363.0 349.0 356.0 359.0 351.0 351.0 348.0 350.0 350.0 396.0 462.0 462.0 451.0 402.0 452.0 462.0 583.0 611.0 613.0 610.0 610.0 613.0 617.0 617.0 618.0 620.0 619.0 617.0 619.0 623.0 627.0 640.0 651.0 686.0 737.0 895.0 1062.0 1521.0 2058.0 2080.0 2054.0 2056.0 2088.0 2103.0 2073.0 2098.0 2064.0 2082.0 2135.0 2125.0 2094.0 2066.0 2067.0 2072.0 2066.0 2069.0 2063.0 2059.0 2048.0 2046.0 2065.0 2059.0 2047.0 2043.0 2065.0 2059.0 1994.0 1995.0 2009.0 1991.0 1923.0 1863.0 1821.0 1794.0 1735.0
289.0 302.0 278.0 295.0 324.0 349.0 349.0 334.0 337.0 350.0 355.0 349.0 357.0 431.0 472.0 473.0 459.0 441.0 400.0 429.0 458.0 587.0 611.0 611.0 611.0 613.0 617.0 619.0 617.0 617.0 617.0 613.0 615.0 620.0 619.0 617.0 623.0 646.0 693.0 743.0 900.0 1064.0 1514.0 2045.0 2071.0 2049.0 2043.0 2085.0 2108.0 2082.0 2097.0 2083.0 2087.0 2083.0 2076.0 2074.0 2068.0 2065.0 2070.0 2064.0 2060.0 2060.0 2057.0 2041.0 2043.0 2062.0 2056.0 2046.0 2042.0 2068.0 2053.0 1999.0 1935.0 1952.0 1990.0 1943.0 1869.0 1824.0 1804.0 1744.0
289.0 305.0 304.0 302.0 311.0 326.0 323.0 319.0 324.0 336.0 348.0 351.0 362.0 445.0 483.0 494.0 489.0 472.0 490.0 485.0 532.0 608.0 613.0 612.0 614.0 616.0 619.0 621.0 621.0 619.0 624.0 634.0 624.0 619.0 617.0 619.0 628.0 646.0 699.0 824.0 916.0 1066.0 1529.0 2052.0 2075.0 2067.0 2053.0 2087.0 2105.0 2099.0 2101.0 2093.0 2097.0 2087.0 2073.0 2073.0 2068.0 2063.0 2066.0 2057.0 2038.0 2054.0 2046.0 2033.0 2028.0 2058.0 2073.0 2054.0 2043.0 2040.0 2046.0 2020.0 1985.0 1956.0 1986.0 1934.0 1878.0 1833.0 1819.0 1769.0
278.0 281.0 311.0 325.0 336.0 348.0 351.0 358.0 355.0 350.0 357.0 378.0 424.0 472.0 509.0 518.0 513.0 505.0 520.0 532.0 543.0 608.0 612.0 614.0 615.0 617.0 622.0 625.0 632.0 664.0 668.0 637.0 630.0 625.0 621.0 619.0 621.0 646.0 710.0 838.0 910.0 1185.0 1691.0 2071.0 2075.0 2074.0 2078.0 2084.0 2077.0 2093.0 2094.0 2077.0 2092.0 2098.0 2076.0 2070.0 2064.0 2061.0 2067.0 2060.0 2038.0 2058.0 2062.0 2046.0 2041.0 2064.0 2082.0 2081.0 2045.0 2030.0 1978.0 1990.0 1991.0 1944.0 1913.0 1916.0 1887.0 1827.0 1805.0 1762.0
265.0 272.0 288.0 307.0 336.0 346.0 349.0 356.0 361.0 374.0 376.0 382.0 431.0 485.0 509.0 508.0 512.0 511.0 520.0 517.0 543.0 690.0 709.0 644.0 630.0 632.0 637.0 674.0 692.0 697.0 682.0 667.0 680.0 676.0 715.0 719.0 681.0 755.0 972.0 979.0 997.0 1318.0 1812.0 2076.0 2074.0 2068.0 2066.0 2075.0 2069.0 2073.0 2074.0 2076.0 2077.0 2090.0 2075.0 2065.0 2060.0 2061.0 2072.0 2059.0 2042.0 2060.0 2076.0 2051.0 2050.0 2065.0 2078.0 2111.0 2099.0 2052.0 1944.0 1978.0 1915.0 1873.0 1905.0 1901.0 1875.0 1807.0 1783.0 1749.0
297.0 326.0 327.0 345.0 354.0 347.0 338.0 327.0 340.0 349.0 353.0 376.0 431.0 481.0 495.0 490.0 499.0 509.0 502.0 494.0 545.0 856.0 951.0 945.0 862.0 788.0 758.0 713.0 721.0 727.0 732.0 830.0 870.0 865.0 908.0 882.0 867.0 929.0 1000.0 980.0 997.0 1404.0 2012.0 2077.0 2075.0 2087.0 2086.0 2092.0 2092.0 2085.0 2079.0 2079.0 2068.0 2069.0 2069.0 2055.0 2055.0 2059.0 2069.0 2051.0 2054.0 2043.0 2030.0 2031.0 2043.0 2063.0 2076.0 2102.0 2097.0 2044.0 1936.0 1881.0 1840.0 1872.0 1917.0 1895.0 1865.0 1758.0 1760.0 1744.0
323.0 351.0 352.0 352.0 353.0 350.0 348.0 350.0 346.0 343.0 352.0 378.0 429.0 475.0 486.0 485.0 466.0 475.0 438.0 492.0 741.0 1160.0 1383.0 1383.0 1194.0 1157.0 1065.0 994.0 976.0 940.0 947.0 1002.0 1135.0 1177.0 1299.0 1290.0 1163.0 1160.0 1000.0 961.0 998.0 1492.0 2051.0 2087.0 2090.0 2085.0 2092.0 2089.0 2098.0 2102.0 2084.0 2077.0 2068.0 2053.0 2069.0 2059.0 2057.0 2052.0 2065.0 2056.0 2062.0 2038.0 2018.0 2048.0 2081.0 2076.0 2095.0 2107.0 2076.0 2008.0 1936.0 1881.0 1840.0 1899.0 1915.0 1887.0 1865.0 1742.0 1739.0 1682.0
304.0 307.0 307.0 313.0 304.0 335.0 344.0 356.0 364.0 369.0 368.0 379.0 427.0 465.0 447.0 420.0 394.0 392.0 414.0 550.0 1112.0 1572.0 1806.0 1768.0 1611.0 1596.0 1531.0 1497.0 1468.0 1368.0 1368.0 1464.0 1475.0 1634.0 1799.0 1799.0 1639.0 1573.0 1270.0 1134.0 1270.0 1655.0 2051.0 2079.0 2101.0 2091.0 2089.0 2073.0 2090.0 2099.0 2084.0 2076.0 2066.0 2051.0 2069.0 2062.0 2058.0 2052.0 2067.0 2056.0 2035.0 2041.0 2025.0 2049.0 2069.0 2080.0 2108.0 2121.0 2100.0 2044.0 1985.0 1971.0 1915.0 1941.0 1923.0 1885.0 1867.0 1793.0 1754.0 1681.0
244.0 271.0 292.0 308.0 293.0 275.0 279.0 327.0 351.0 355.0 351.0 358.0 408.0 355.0 363.0 356.0 382.0 385.0 416.0 973.0 1540.0 1777.0 1828.0 1871.0 1877.0 1877.0 1872.0 1894.0 1824.0 1804.0 1811.0 1876.0 1872.0 1925.0 2019.0 2041.0 1997.0 1808.0 1590.0 1539.0 1578.0 1808.0 2065.0 2084.0 2106.0 2104.0 2101.0 2091.0 2091.0 2098.0 2088.0 2076.0 2058.0 2052.0 2048.0 2053.0 2056.0 2049.0 2044.0 2054.0 2027.0 2030.0 2022.0 2017.0 2031.0 2038.0 2076.0 2104.0 2100.0 2068.0 2006.0 1974.0 1935.0 1923.0 1898.0 1770.0 1771.0 1786.0 1766.0 1693.0
304.0 336.0 347.0 322.0 296.0 277.0 281.0 307.0 258.0 259.0 273.0 290.0 290.0 302.0 324.0 341.0 373.0 383.0 688.0 1610.0 1857.0 1835.0 1840.0 1870.0 1917.0 1916.0 1916.0 1990.0 1925.0 1911.0 2016.0 2020.0 2000.0 2036.0 2025.0 2041.0 2033.0 1929.0 1788.0 1747.0 1751.0 1928.0 2069.0 2100.0 2104.0 2097.0 2098.0 2096.0 2090.0 2073.0 2082.0 2076.0 2058.0 2054.0 2047.0 2046.0 2055.0 2047.0 2027.0 2051.0 2030.0 2028.0 2018.0 2022.0 2029.0 2018.0 2025.0 2016.0 2067.0 2053.0 2001.0 1973.0 1937.0 1916.0 1901.0 1770.0 1770.0 1775.0 1760.0 1686.0
246.0 276.0 263.0 206.0 165.0 209.0 164.0 206.0 199.0 194.0 176.0 252.0 286.0 302.0 296.0 330.0 396.0 579.0 1407.0 1754.0 1908.0 1948.0 1913.0 1923.0 1934.0 1931.0 1917.0 1937.0 1942.0 2033.0 2053.0 2013.0 1988.0 2034.0 2020.0 2036.0 2036.0 2036.0 2014.0 1933.0 1988.0 2026.0 2053.0 2051.0 2083.0 2094.0 2093.0 2092.0 2074.0 2049.0 2061.0 2073.0 2058.0 2050.0 2048.0 2034.0 2056.0 2048.0 2021.0 2012.0 2024.0 2024.0 2018.0 2010.0 2010.0 2018.0 2003.0 1983.0 1982.0 1994.0 1988.0 1971.0 1947.0 1957.0 1963.0 1928.0 1871.0 1827.0 1776.0 1687.0
239.0 173.0 122.0 133.0 165.0 120.0 127.0 207.0 238.0 257.0 261.0 292.0 274.0 212.0 276.0 443.0 874.0 1388.0 1751.0 1754.0 1886.0 1949.0 2025.0 1940.0 1932.0 2009.0 2035.0 1977.0 1978.0 2043.0 2063.0 2019.0 2009.0 2034.0 2069.0 2055.0 2047.0 2062.0 2077.0 2054.0 2038.0 2039.0 2062.0 2050.0 2055.0 2056.0 2063.0 2080.0 2059.0 2049.0 2053.0 2070.0 2056.0 2049.0 2041.0 2040.0 2072.0 2070.0 2026.0 2013.0 2025.0 2025.0 2023.0 2010.0 2021.0 2015.0 1975.0 1973.0 1973.0 1987.0 1987.0 1971.0 1948.0 1957.0 1959.0 1931.0 1887.0 1843.0 1777.0 1705.0
352.0 206.0 122.0 43.0 41.0 120.0 126.0 205.0 216.0 196.0 160.0 31.0 31.0 212.0 363.0 563.0 874.0 1515.0 1751.0 1755.0 1911.0 1912.0 1912.0 1932.0 1936.0 1952.0 2063.0 2056.0 2040.0 2017.0 2060.0 2094.0 2021.0 2037.0 2085.0 2107.0 2042.0 2032.0 2076.0 2066.0 2040.0 2042.0 2064.0 2056.0 2018.0 2015.0 2064.0 2066.0 2028.0 1926.0 1926.0 2037.0 2052.0 2050.0 2034.0 2023.0 2051.0 2052.0 2044.0 2049.0 2028.0 2004.0 1873.0 1873.0 2000.0 2013.0 1977.0 1989.0 1991.0 1999.0 1985.0 1976.0 1957.0 1962.0 1962.0 1920.0 1880.0 1843.0 1786.0 1719.0
352.0 323.0 262.0 313.0 295.0 209.0 125.0 158.0 107.0 150.0 183.0 295.0 531.0 697.0 818.0 1186.0 1705.0 1913.0 1860.0 1937.0 1914.0 1860.0 1839.0 1870.0 1927.0 1998.0 2063.0 1967.0 2051.0 2063.0 2069.0 2015.0 1994.0 2038.0 2068.0 2064.0 2065.0 2054.0 2024.0 2045.0 2040.0 2040.0 2060.0 2053.0 2006.0 2016.0 2057.0 1956.0 1698.0 1601.0 1602.0 1700.0 1790.0 1791.0 1709.0 1638.0 1635.0 1654.0 1728.0 1872.0 1997.0 1826.0 1575.0 1555.0 1718.0 1948.0 1976.0 1980.0 1978.0 1969.0 1961.0 1969.0 1948.0 1930.0 1948.0 1912.0 1859.0 1782.0 1784.0 1725.0
979.0 928.0 1017.0 982.0 983.0 1168.0 987.0 1176.0 1178.0 1175.0 1307.0 1793.0 1571.0 1562.0 1574.0 1728.0 1795.0 1822.0 1950.0 1932.0 1891.0 1902.0 1921.0 1935.0 1934.0 1955.0 2039.0 1976.0 2040.0 2048.0 2056.0 2036.0 2079.0 2078.0 2087.0 2052.0 2052.0 2003.0 2010.0 2055.0 2040.0 2024.0 2045.0 2048.0 2021.0 2010.0 1825.0 1601.0 1375.0 1314.0 1331.0 1294.0 1200.0 1184.0 1178.0 1172.0 1185.0 1183.0 1195.0 1469.0 1796.0 1825.0 1524.0 1391.0 1496.0 1749.0 1813.0 1807.0 1809.0 1812.0 1807.0 1802.0 1800.0 1797.0 1799.0 1787.0 1760.0 1761.0 1772.0 1694.0
1271.0 1453.0 1273.0 1276.0 1457.0 1703.0 1450.0 1707.0 1655.0 1536.0 1569.0 1789.0 1744.0 1727.0 1724.0 1756.0 1796.0 1927.0 1945.0 1932.0 1903.0 1889.0 1930.0 1949.0 1935.0 1959.0 2003.0 1971.0 1982.0 2101.0 2071.0 2079.0 2091.0 2046.0 2015.0 1957.0 1969.0 2005.0 2014.0 2061.0 2065.0 2036.0 2041.0 2059.0 2038.0 1778.0 1430.0 1283.0 1273.0 1314.0 1222.0 1088.0 1111.0 1078.0 1026.0 1027.0 1025.0 1023.0 1028.0 1089.0 1361.0 1765.0 1670.0 1393.0 1357.0 1493.0 1642.0 1641.0 1637.0 1638.0 1636.0 1631.0 1631.0 1631.0 1627.0 1624.0 1624.0 1613.0 1603.0 1573.0
1359.0 1672.0 1380.0 1442.0 1662.0 1710.0 1474.0 1705.0 1654.0 1582.0 1642.0 1790.0 1824.0 1761.0 1826.0 1756.0 1705.0 1822.0 1942.0 1832.0 1917.0 1944.0 1933.0 1939.0 2009.0 2047.0 2054.0 2042.0 2029.0 1990.0 2053.0 1958.0 2082.0 2084.0 2091.0 2104.0 2046.0 2026.0 2039.0 2079.0 2065.0 2003.0 2000.0 2055.0 2000.0 1621.0 1302.0 1259.0 1273.0 1156.0 1142.0 1088.0 995.0 990.0 1026.0 1025.0 1006.0 999.0 986.0 990.0 1080.0 1415.0 1591.0 1396.0 1280.0 1280.0 1448.0 1557.0 1534.0 1496.0 1480.0 1469.0 1489.0 1490.0 1488.0 1485.0 1486.0 1477.0 1472.0 1439.0
1597.0 1672.0 1564.0 1613.0 1697.0 1687.0 1621.0 1705.0 1655.0 1648.0 1739.0 1830.0 1703.0 1763.0 1826.0 1822.0 1869.0 1909.0 1859.0 1859.0 2023.0 1895.0 1930.0 1947.0 2019.0 2048.0 1992.0 2018.0 2031.0 1988.0 2085.0 2101.0 2093.0 2086.0 2102.0 2067.0 2062.0 2067.0 2072.0 2057.0 1974.0 1996.0 1987.0 2034.0 1746.0 1223.0 1219.0 1226.0 1128.0 1083.0 968.0 896.0 881.0 877.0 885.0 905.0 984.0 986.0 981.0 990.0 977.0 984.0 1129.0 1164.0 1154.0 1175.0 1238.0 1465.0 1534.0 1488.0 1472.0 1410.0 1330.0 1295.0 1292.0 1341.0 1338.0 1345.0 1350.0 1344.0
1596.0 1572.0 1381.0 1668.0 1729.0 1619.0 1423.0 1784.0 1800.0 1750.0 1747.0 1827.0 1722.0 1903.0 1851.0 1815.0 1872.0 1901.0 1836.0 1823.0 2023.0 1940.0 1918.0 1958.0 1988.0 1965.0 1989.0 1861.0 2035.0 2101.0 2043.0 1966.0 2037.0 2033.0 2066.0 1962.0 1968.0 2045.0 2073.0 2055.0 2047.0 2016.0 1770.0 1406.0 1181.0 1184.0 1219.0 1204.0 935.0 869.0 864.0 857.0 866.0 872.0 876.0 862.0 864.0 868.0 852.0 856.0 862.0 862.0 850.0 870.0 872.0 1018.0 1161.0 1341.0 1503.0 1477.0 1415.0 1355.0 1306.0 1282.0 1243.0 1215.0 1212.0 1231.0 1220.0 1215.0
1346.0 1268.0 1272.0 1588.0 1689.0 1607.0 1336.0 1940.0 1799.0 1651.0 1689.0 1790.0 1823.0 1911.0 1851.0 1805.0 1789.0 1810.0 1930.0 1940.0 1929.0 1885.0 1928.0 1907.0 1938.0 1992.0 1991.0 2028.0 2045.0 1962.0 1937.0 1952.0 2044.0 1983.0 1998.0 1983.0 1965.0 2020.0 2073.0 2056.0 1966.0 1831.0 1407.0 1136.0 1171.0 1180.0 1147.0 891.0 859.0 869.0 864.0 846.0 862.0 865.0 860.0 857.0 856.0 813.0 830.0 832.0 842.0 862.0 850.0 635.0 561.0 695.0 973.0 1137.0 1333.0 1449.0 1413.0 1365.0 1315.0 1277.0 1242.0 1205.0 1172.0 1141.0 1117.0 1083.0
1428.0 1431.0 1590.0 1609.0 1704.0 1877.0 1916.0 1944.0 1672.0 1603.0 1665.0 1731.0 1834.0 1859.0 1832.0 1811.0 1756.0 1753.0 1932.0 1940.0 1829.0 1932.0 1928.0 1882.0 1921.0 1974.0 1993.0 2032.0 2013.0 2012.0 2047.0 1963.0 2005.0 2006.0 1973.0 1983.0 2003.0 2022.0 1984.0 1965.0 2014.0 1831.0 1407.0 1114.0 1131.0 1136.0 1004.0 847.0 859.0 846.0 809.0 822.0 827.0 835.0 834.0 839.0 792.0 794.0 841.0 838.0 825.0 790.0 612.0 571.0 551.0 589.0 784.0 909.0 1066.0 1300.0 1410.0 1359.0 1305.0 1270.0 1239.0 1201.0 1164.0 1142.0 1116.0 1049.0
1432.0 1563.0 1575.0 1718.0 1657.0 1620.0 1771.0 1886.0 1811.0 1757.0 1731.0 1742.0 1831.0 1856.0 1810.0 1804.0 1757.0 1783.0 1927.0 1864.0 1771.0 1899.0 1844.0 1871.0 1898.0 1872.0 1874.0 1977.0 1985.0 2006.0 2091.0 1977.0 1959.0 2083.0 2067.0 2058.0 1972.0 1956.0 1989.0 1959.0 1968.0 1512.0 1082.0 1097.0 1094.0 905.0 838.0 838.0 841.0 806.0 816.0 820.0 790.0 794.0 782.0 739.0 764.0 797.0 837.0 832.0 742.0 584.0 559.0 568.0 575.0 582.0 611.0 672.0 811.0 1039.0 1283.0 1349.0 1296.0 1265.0 1236.0 1200.0 1161.0 1134.0 1112.0 1047.0
1590.0 1653.0 1700.0 1685.0 1697.0 1686.0 1578.0 1587.0 1693.0 1705.0 1738.0 1801.0 1734.0 1852.0 1805.0 1807.0 1793.0 1793.0 1925.0 1856.0 1781.0 1932.0 1861.0 1961.0 1973.0 1907.0 1867.0 1861.0 1964.0 1987.0 2035.0 1975.0 1954.0 2032.0 2036.0 1986.0 1962.0 2034.0 1970.0 1950.0 1765.0 1261.0 1077.0 1081.0 903.0 831.0 833.0 839.0 829.0 787.0 793.0 791.0 783.0 745.0 720.0 707.0 752.0 790.0 793.0 650.0 555.0 520.0 562.0 574.0 577.0 570.0 537.0 585.0 617.0 783.0 1027.0 1260.0 1300.0 1267.0 1234.0 1203.0 1165.0 1138.0 1111.0 1046.0
1595.0 1426.0 1448.0 1698.0 1700.0 1688.0 1573.0 1341.0 1812.0 1819.0 1810.0 1797.0 1690.0 1799.0 1805.0 1887.0 1801.0 1741.0 1902.0 1852.0 1791.0 1900.0 1913.0 1974.0 1971.0 1898.0 1862.0 1867.0 1967.0 1948.0 1923.0 1976.0 1986.0 1953.0 1983.0 1908.0 1896.0 1982.0 1946.0 1948.0 1407.0 1039.0 1026.0 1015.0 903.0 825.0 831.0 830.0 746.0 770.0 769.0 759.0 755.0 736.0 718.0 703.0 748.0 787.0 742.0 604.0 559.0 583.0 568.0 562.0 542.0 502.0 498.0 493.0 520.0 647.0 789.0 1058.0 1270.0 1265.0 1228.0 1179.0 1159.0 1137.0 1109.0 1045.0
1603.0 1527.0 1448.0 1269.0 1138.0 1314.0 1573.0 1749.0 1728.0 1948.0 1948.0 1795.0 1696.0 1799.0 1718.0 1804.0 1800.0 1750.0 1754.0 1817.0 1771.0 1812.0 1852.0 1887.0 1881.0 1874.0 1882.0 1931.0 1956.0 1885.0 1919.0 1973.0 1991.0 1869.0 1975.0 1984.0 1977.0 1933.0 1984.0 1945.0 1407.0 1035.0 950.0 885.0 767.0 736.0 732.0 729.0 730.0 747.0 754.0 747.0 727.0 728.0 714.0 698.0 734.0 777.0 703.0 604.0 591.0 579.0 551.0 503.0 485.0 481.0 486.0 491.0 519.0 639.0 784.0 881.0 1064.0 1245.0 1223.0 1181.0 1155.0 1134.0 1103.0 1043.0
1707.0 1675.0 1572.0 1451.0 1398.0 1487.0 1565.0 1659.0 1797.0 1806.0 1802.0 1804.0 1861.0 1878.0 1788.0 1632.0 1729.0 1719.0 1638.0 1808.0 1809.0 1848.0 1851.0 1821.0 1861.0 1880.0 1913.0 1977.0 1951.0 1872.0 1947.0 1979.0 1946.0 1934.0 1972.0 2002.0 1964.0 2015.0 1962.0 1943.0 1574.0 1104.0 940.0 839.0 760.0 736.0 730.0 727.0 728.0 733.0 736.0 729.0 725.0 729.0 713.0 694.0 684.0 685.0 660.0 608.0 593.0 518.0 499.0 492.0 484.0 495.0 528.0 588.0 615.0 635.0 670.0 767.0 847.0 1126.0 1204.0 1169.0 1149.0 1114.0 1094.0 1043.0
1604.0 1661.0 1706.0 1702.0 1702.0 1514.0 1573.0 1749.0 1706.0 1748.0 1763.0 1727.0 1619.0 1637.0 1825.0 1729.0 1681.0 1732.0 1756.0 1807.0 1813.0 1794.0 1804.0 1817.0 1878.0 1879.0 1902.0 1931.0 1924.0 1888.0 1939.0 1978.0 1944.0 1890.0 1875.0 1883.0 1829.0 1975.0 1969.0 1941.0 1820.0 1366.0 961.0 814.0 757.0 737.0 732.0 728.0 726.0 717.0 710.0 719.0 723.0 718.0 711.0 690.0 668.0 661.0 648.0 614.0 585.0 522.0 506.0 493.0 485.0 505.0 532.0 587.0 614.0 617.0 635.0 767.0 847.0 996.0 1185.0 1165.0 1129.0 1115.0 1090.0 1041.0
1364.0 1665.0 1685.0 1573.0 1555.0 1497.0 1562.0 1653.0 1591.0 1546.0 1613.0 1695.0 1616.0 1642.0 1833.0 1805.0 1659.0 1597.0 1638.0 1807.0 1757.0 1721.0 1664.0 1775.0 1871.0 1862.0 1857.0 1865.0 1933.0 1946.0 1906.0 1973.0 1972.0 1886.0 1955.0 1874.0 1880.0 1913.0 1950.0 1937.0 1895.0 1529.0 1032.0 814.0 756.0 738.0 733.0 729.0 723.0 716.0 712.0 709.0 705.0 690.0 685.0 681.0 662.0 661.0 648.0 608.0 556.0 516.0 503.0 493.0 489.0 520.0 504.0 449.0 430.0 449.0 440.0 605.0 750.0 877.0 1161.0 1162.0 1120.0 1109.0 1087.0 1037.0
1509.0 1555.0 1538.0 1451.0 1411.0 1314.0 1379.0 1496.0 1769.0 1694.0 1759.0 1751.0 1705.0 1616.0 1193.0 1728.0 1886.0 1752.0 1756.0 1826.0 1742.0 1777.0 1663.0 1775.0 1845.0 1858.0 1839.0 1839.0 1927.0 1947.0 1885.0 1962.0 1986.0 1892.0 1977.0 1904.0 1964.0 1915.0 1928.0 1939.0 1852.0 1643.0 1073.0 809.0 752.0 738.0 734.0 729.0 721.0 712.0 706.0 700.0 693.0 684.0 676.0 677.0 662.0 657.0 649.0 612.0 546.0 512.0 503.0 498.0 556.0 545.0 487.0 435.0 418.0 405.0 413.0 442.0 643.0 877.0 1051.0 1144.0 1120.0 1107.0 1086.0 1028.0
1713.0 1880.0 1880.0 1583.0 1176.0 1176.0 1379.0 1634.0 1795.0 1800.0 1790.0 1721.0 1608.0 1515.0 1609.0 1822.0 1876.0 1880.0 1916.0 1805.0 1810.0 1848.0 1670.0 1840.0 1868.0 1888.0 1867.0 1760.0 1762.0 1868.0 1871.0 1895.0 1936.0 1878.0 1898.0 1904.0 1867.0 1907.0 1944.0 1938.0 1842.0 1834.0 1262.0 841.0 751.0 739.0 735.0 728.0 721.0 713.0 705.0 695.0 686.0 679.0 671.0 670.0 657.0 612.0 612.0 614.0 544.0 506.0 511.0 563.0 572.0 553.0 501.0 454.0 426.0 400.0 395.0 409.0 546.0 764.0 1051.0 1130.0 1116.0 1100.0 1081.0 1029.0
1507.0 1689.0 1707.0 1639.0 1462.0 1046.0 1564.0 1672.0 1591.0 1792.0 1670.0 1561.0 1487.0 1515.0 1677.0 1751.0 1890.0 1859.0 1918.0 1937.0 1826.0 1851.0 1802.0 1817.0 1963.0 1860.0 1819.0 1771.0 1763.0 1841.0 1870.0 1857.0 1877.0 1882.0 1891.0 1911.0 1820.0 1899.0 1923.0 1937.0 1837.0 1838.0 1385.0 921.0 752.0 743.0 736.0 729.0 721.0 714.0 707.0 696.0 689.0 684.0 672.0 668.0 652.0 589.0 603.0 628.0 586.0 536.0 536.0 568.0 565.0 524.0 495.0 457.0 435.0 453.0 403.0 394.0 445.0 632.0 928.0 1076.0 1112.0 1099.0 1081.0 1030.0
1184.0 1372.0 1538.0 1668.0 1683.0 1501.0 1692.0 1712.0 1742.0 1793.0 1627.0 1560.0 1585.0 1614.0 1690.0 1724.0 1855.0 1758.0 1786.0 1847.0 1839.0 1752.0 1727.0 1754.0 1963.0 1996.0 1965.0 1808.0 1766.0 1842.0 1882.0 1852.0 1882.0 1921.0 1912.0 1917.0 1830.0 1860.0 1840.0 1933.0 1730.0 1755.0 1500.0 929.0 751.0 750.0 743.0 734.0 721.0 714.0 707.0 699.0 693.0 686.0 672.0 662.0 649.0 605.0 616.0 637.0 596.0 556.0 543.0 523.0 486.0 474.0 488.0 460.0 453.0 456.0 402.0 398.0 443.0 583.0 791.0 1069.0 1108.0 1091.0 1076.0 1022.0
1184.0 1165.0 1563.0 1774.0 1761.0 1548.0 1759.0 1734.0 1726.0 1694.0 1632.0 1720.0 1713.0 1720.0 1684.0 1832.0 1716.0 1857.0 1922.0 1962.0 1876.0 1674.0 1850.0 1854.0 1878.0 1774.0 1791.0 1821.0 1825.0 1873.0 1907.0 1890.0 1898.0 1960.0 1887.0 1896.0 1835.0 1842.0 1815.0 1904.0 1671.0 1732.0 1654.0 1100.0 788.0 762.0 763.0 745.0 723.0 714.0 705.0 698.0 694.0 689.0 678.0 661.0 647.0 616.0 620.0 619.0 555.0 556.0 530.0 474.0 471.0 470.0 480.0 465.0 473.0 462.0 436.0 413.0 419.0 472.0 697.0 1012.0 1103.0 1086.0 1071.0 1018.0
1445.0 1281.0 1691.0 1627.0 1462.0 1511.0 1807.0 1534.0 1491.0 1706.0 1645.0 1560.0 1654.0 1606.0 1652.0 1937.0 1712.0 1858.0 1928.0 1942.0 1827.0 1674.0 1719.0 1863.0 1818.0 1776.0 1806.0 1858.0 1928.0 1867.0 1867.0 1919.0 2005.0 1947.0 1798.0 1876.0 1828.0 1877.0 1779.0 1790.0 1635.0 1704.0 1707.0 1351.0 1027.0 802.0 775.0 753.0 726.0 716.0 707.0 698.0 696.0 693.0 690.0 668.0 651.0 616.0 619.0 596.0 465.0 501.0 496.0 441.0 456.0 466.0 482.0 481.0 479.0 464.0 451.0 418.0 417.0 445.0 573.0 811.0 1081.0 1086.0 1069.0 1024.0
1422.0 1281.0 1433.0 1253.0 1291.0 1511.0 1763.0 1535.0 1678.0 1790.0 1726.0 1564.0 1660.0 1720.0 1802.0 1937.0 1820.0 1761.0 1788.0 1820.0 1776.0 1750.0 1736.0 1847.0 1770.0 1769.0 1709.0 1754.0 1835.0 1832.0 1782.0 1859.0 1896.0 1951.0 1883.0 1930.0 1854.0 1958.0 1815.0 1761.0 1635.0 1671.0 1705.0 1623.0 1317.0 1027.0 869.0 799.0 760.0 728.0 715.0 708.0 706.0 702.0 697.0 689.0 671.0 629.0 641.0 591.0 456.0 434.0 438.0 439.0 408.0 431.0 482.0 485.0 480.0 465.0 458.0 435.0 417.0 427.0 424.0 625.0 898.0 1077.0 1068.0 1024.0
1424.0 1377.0 1433.0 1396.0 1446.0 1474.0 1655.0 1587.0 1679.0 1706.0 1738.0 1711.0 1613.0 1602.0 1668.0 1839.0 1851.0 1761.0 1632.0 1718.0 1773.0 1766.0 1851.0 1897.0 1798.0 1794.0 1708.0 1817.0 1791.0 1681.0 1743.0 1830.0 1842.0 1767.0 1798.0 1747.0 1858.0 1968.0 1983.0 1790.0 1686.0 1709.0 1652.0 1791.0 1656.0 1368.0 1151.0 1005.0 948.0 901.0 891.0 881.0 840.0 797.0 749.0 745.0 726.0 688.0 655.0 579.0 458.0 433.0 438.0 443.0 406.0 408.0 465.0 470.0 469.0 466.0 460.0 444.0 417.0 422.0 424.0 480.0 898.0 1071.0 1066.0 1007.0
