466.0 473.0 477.0 482.0 480.0 481.0 489.0 495.0 486.0 476.0 479.0 470.0 463.0 464.0 471.0 492.0 606.0 689.0 714.0 736.0 761.0 768.0 773.0 827.0 852.0 850.0 859.0 854.0 857.0 867.0 920.0 1130.0 1274.0 1406.0 1767.0 1819.0 1801.0 2006.0 2004.0 1976.0 1992.0 2016.0 2047.0 2032.0 2031.0 2092.0 2093.0 2095.0 2108.0 2131.0 2099.0 2095.0 2126.0 2105.0 2103.0 2094.0 2089.0 2111.0 2131.0 2137.0 2134.0 2156.0 2174.0 2140.0 2120.0 2120.0 2147.0 2157.0 2105.0 2127.0 2152.0 2151.0 2103.0 2070.0 2072.0 1894.0 1892.0 1801.0 1801.0 1770.0
447.0 453.0 464.0 468.0 468.0 468.0 487.0 495.0 493.0 477.0 454.0 471.0 487.0 486.0 489.0 504.0 618.0 630.0 638.0 644.0 659.0 708.0 747.0 752.0 770.0 786.0 807.0 822.0 831.0 843.0 862.0 873.0 886.0 919.0 1168.0 1455.0 1645.0 1810.0 1966.0 2042.0 2039.0 2025.0 2056.0 2047.0 2063.0 2066.0 2099.0 2082.0 2103.0 2112.0 2105.0 2114.0 2126.0 2133.0 2126.0 2127.0 2066.0 2060.0 2102.0 2121.0 2129.0 2134.0 2154.0 2150.0 2088.0 2081.0 2092.0 2116.0 2123.0 2119.0 2126.0 2123.0 2122.0 2094.0 2038.0 1974.0 1930.0 1819.0 1819.0 1749.0
457.0 463.0 470.0 474.0 473.0 471.0 492.0 510.0 514.0 511.0 464.0 476.0 495.0 505.0 501.0 512.0 610.0 614.0 614.0 627.0 648.0 687.0 726.0 734.0 751.0 772.0 779.0 793.0 803.0 834.0 859.0 866.0 883.0 899.0 918.0 996.0 1145.0 1331.0 1766.0 1898.0 2039.0 2042.0 2067.0 2052.0 2089.0 2075.0 2097.0 2080.0 2100.0 2120.0 2129.0 2123.0 2126.0 2145.0 2127.0 2125.0 2181.0 2152.0 2136.0 2123.0 2129.0 2132.0 2130.0 2141.0 2070.0 2081.0 2093.0 2116.0 2131.0 2127.0 2131.0 2121.0 2131.0 2135.0 2044.0 1997.0 1931.0 1831.0 1845.0 1760.0
468.0 473.0 484.0 485.0 487.0 507.0 526.0 518.0 508.0 510.0 513.0 509.0 510.0 518.0 516.0 525.0 611.0 612.0 614.0 610.0 626.0 643.0 716.0 737.0 735.0 756.0 772.0 783.0 786.0 790.0 802.0 830.0 866.0 881.0 901.0 926.0 936.0 992.0 1295.0 1603.0 1902.0 2061.0 2081.0 2072.0 2088.0 2089.0 2090.0 2081.0 2109.0 2140.0 2139.0 2126.0 2128.0 2151.0 2127.0 2119.0 2186.0 2192.0 2141.0 2168.0 2193.0 2138.0 2122.0 2120.0 2085.0 2134.0 2138.0 2118.0 2124.0 2137.0 2131.0 2112.0 2140.0 2137.0 2051.0 2001.0 1925.0 1853.0 1849.0 1767.0
461.0 472.0 497.0 503.0 503.0 514.0 526.0 514.0 494.0 494.0 496.0 507.0 515.0 526.0 531.0 590.0 614.0 607.0 614.0 605.0 601.0 610.0 719.0 733.0 748.0 757.0 760.0 764.0 771.0 781.0 797.0 821.0 834.0 853.0 861.0 916.0 920.0 906.0 944.0 1246.0 1702.0 2052.0 2063.0 2063.0 2068.0 2067.0 2082.0 2076.0 2097.0 2128.0 2138.0 2129.0 2125.0 2149.0 2133.0 2117.0 2152.0 2160.0 2172.0 2180.0 2198.0 2152.0 2133.0 2132.0 2140.0 2130.0 2135.0 2188.0 2190.0 2133.0 2101.0 2117.0 2119.0 2087.0 2044.0 1992.0 1866.0 1849.0 1852.0 1760.0
465.0 478.0 499.0 502.0 479.0 478.0 478.0 484.0 496.0 501.0 497.0 503.0 512.0 528.0 545.0 602.0 622.0 566.0 577.0 604.0 631.0 687.0 737.0 735.0 735.0 756.0 760.0 764.0 770.0 776.0 788.0 797.0 803.0 831.0 850.0 868.0 876.0 876.0 934.0 1000.0 1425.0 1854.0 1995.0 2036.0 2065.0 2054.0 2085.0 2103.0 2103.0 2146.0 2138.0 2132.0 2188.0 2154.0 2136.0 2119.0 2136.0 2149.0 2159.0 2103.0 2115.0 2164.0 2144.0 2136.0 2156.0 2152.0 2136.0 2182.0 2194.0 2167.0 2118.0 2111.0 2098.0 2095.0 2049.0 1959.0 1856.0 1848.0 1860.0 1767.0
484.0 515.0 500.0 492.0 485.0 483.0 478.0 480.0 491.0 505.0 502.0 507.0 515.0 529.0 549.0 601.0 630.0 646.0 620.0 599.0 595.0 602.0 723.0 752.0 746.0 757.0 761.0 765.0 769.0 776.0 786.0 794.0 798.0 808.0 832.0 840.0 849.0 854.0 930.0 993.0 1150.0 1562.0 1984.0 2045.0 2069.0 2088.0 2091.0 2089.0 2114.0 2150.0 2136.0 2077.0 2123.0 2146.0 2158.0 2182.0 2181.0 2192.0 2190.0 2166.0 2195.0 2197.0 2170.0 2138.0 2093.0 2121.0 2134.0 2120.0 2116.0 2126.0 2137.0 2127.0 2122.0 2083.0 2016.0 1994.0 1875.0 1838.0 1850.0 1767.0
454.0 504.0 506.0 507.0 478.0 479.0 476.0 476.0 484.0 495.0 503.0 512.0 520.0 533.0 564.0 596.0 628.0 640.0 658.0 681.0 684.0 703.0 741.0 760.0 757.0 759.0 760.0 763.0 768.0 775.0 784.0 792.0 797.0 807.0 813.0 822.0 833.0 845.0 888.0 957.0 1057.0 1335.0 1821.0 2057.0 2121.0 2097.0 2067.0 2060.0 2103.0 2121.0 2126.0 2172.0 2188.0 2145.0 2112.0 2154.0 2163.0 2194.0 2183.0 2171.0 2198.0 2167.0 2135.0 2113.0 2098.0 2121.0 2132.0 2117.0 2177.0 2166.0 2120.0 2105.0 2114.0 2112.0 2040.0 1903.0 1854.0 1831.0 1817.0 1755.0
298.0 448.0 497.0 509.0 501.0 480.0 473.0 474.0 483.0 491.0 498.0 506.0 518.0 532.0 565.0 599.0 633.0 646.0 626.0 641.0 731.0 798.0 802.0 779.0 766.0 761.0 764.0 767.0 770.0 775.0 783.0 790.0 796.0 809.0 811.0 815.0 823.0 833.0 864.0 928.0 1123.0 1167.0 1720.0 2046.0 2076.0 2091.0 2123.0 2124.0 2090.0 2060.0 2078.0 2073.0 2111.0 2144.0 2121.0 2108.0 2153.0 2194.0 2153.0 2102.0 2114.0 2156.0 2136.0 2131.0 2176.0 2156.0 2131.0 2163.0 2192.0 2124.0 2101.0 2117.0 2103.0 2095.0 2042.0 1952.0 1916.0 1839.0 1818.0 1763.0
454.0 405.0 360.0 416.0 474.0 477.0 473.0 475.0 485.0 494.0 500.0 502.0 515.0 534.0 560.0 592.0 574.0 577.0 618.0 657.0 736.0 795.0 791.0 785.0 781.0 771.0 775.0 783.0 779.0 777.0 784.0 791.0 797.0 805.0 803.0 811.0 814.0 832.0 874.0 938.0 1115.0 1163.0 1644.0 2037.0 2100.0 2092.0 2122.0 2142.0 2103.0 2095.0 2134.0 2137.0 2136.0 2148.0 2132.0 2150.0 2141.0 2150.0 2180.0 2173.0 2157.0 2166.0 2189.0 2140.0 2187.0 2189.0 2130.0 2118.0 2112.0 2125.0 2141.0 2123.0 2115.0 2106.0 2015.0 1937.0 1925.0 1888.0 1845.0 1774.0
585.0 472.0 383.0 398.0 396.0 417.0 457.0 466.0 479.0 485.0 498.0 508.0 525.0 535.0 564.0 575.0 572.0 597.0 623.0 661.0 738.0 802.0 800.0 803.0 806.0 797.0 791.0 794.0 796.0 793.0 793.0 794.0 797.0 802.0 805.0 809.0 810.0 829.0 896.0 976.0 1084.0 1167.0 1727.0 2051.0 2109.0 2137.0 2134.0 2131.0 2117.0 2126.0 2136.0 2175.0 2168.0 2140.0 2164.0 2181.0 2138.0 2130.0 2137.0 2153.0 2142.0 2149.0 2147.0 2133.0 2171.0 2177.0 2146.0 2163.0 2130.0 2122.0 2130.0 2152.0 2117.0 2070.0 2006.0 1917.0 1880.0 1842.0 1820.0 1763.0
576.0 494.0 477.0 414.0 396.0 392.0 387.0 393.0 408.0 482.0 500.0 512.0 523.0 537.0 552.0 550.0 568.0 609.0 635.0 666.0 798.0 811.0 808.0 814.0 813.0 810.0 808.0 810.0 812.0 816.0 818.0 815.0 817.0 813.0 824.0 812.0 813.0 832.0 892.0 1005.0 1112.0 1168.0 1697.0 2045.0 2111.0 2165.0 2139.0 2131.0 2179.0 2126.0 2098.0 2124.0 2173.0 2155.0 2193.0 2187.0 2170.0 2190.0 2186.0 2166.0 2161.0 2158.0 2136.0 2137.0 2128.0 2156.0 2224.0 2164.0 2120.0 2173.0 2263.0 2182.0 2111.0 2095.0 2026.0 1937.0 1910.0 1840.0 1828.0 1758.0
632.0 456.0 394.0 411.0 401.0 423.0 461.0 472.0 479.0 481.0 492.0 477.0 493.0 500.0 536.0 547.0 550.0 563.0 622.0 674.0 818.0 816.0 813.0 817.0 815.0 819.0 820.0 817.0 826.0 831.0 844.0 862.0 863.0 863.0 830.0 875.0 852.0 857.0 921.0 1079.0 1128.0 1276.0 1733.0 2057.0 2091.0 2098.0 2145.0 2156.0 2122.0 2117.0 2125.0 2167.0 2151.0 2126.0 2182.0 2218.0 2189.0 2159.0 2178.0 2160.0 2160.0 2171.0 2197.0 2232.0 2189.0 2128.0 2126.0 2153.0 2125.0 2122.0 2127.0 2146.0 2107.0 2042.0 1984.0 1912.0 1899.0 1848.0 1829.0 1770.0
1070.0 727.0 352.0 341.0 309.0 320.0 372.0 385.0 400.0 400.0 375.0 423.0 514.0 536.0 554.0 561.0 573.0 609.0 636.0 690.0 823.0 829.0 831.0 824.0 822.0 831.0 829.0 822.0 834.0 856.0 875.0 880.0 887.0 870.0 861.0 882.0 889.0 891.0 973.0 1271.0 1432.0 1432.0 1744.0 2049.0 2067.0 2011.0 2030.0 2144.0 2181.0 2165.0 2132.0 2141.0 2175.0 2145.0 2128.0 2112.0 2128.0 2162.0 2172.0 2156.0 2159.0 2150.0 2208.0 2230.0 2179.0 2156.0 2120.0 2127.0 2187.0 2177.0 2107.0 2107.0 2111.0 2056.0 2034.0 1929.0 1892.0 1877.0 1839.0 1787.0
1561.0 1247.0 826.0 405.0 309.0 319.0 387.0 393.0 405.0 476.0 496.0 506.0 545.0 577.0 571.0 578.0 644.0 693.0 668.0 717.0 838.0 844.0 847.0 837.0 841.0 850.0 864.0 899.0 904.0 907.0 900.0 890.0 897.0 950.0 960.0 1053.0 1137.0 1138.0 1206.0 1271.0 1224.0 1290.0 1749.0 2052.0 2100.0 2141.0 2153.0 2203.0 2182.0 2149.0 2171.0 2126.0 2118.0 2161.0 2159.0 2124.0 2138.0 2149.0 2160.0 2163.0 2163.0 2148.0 2142.0 2153.0 2160.0 2149.0 2122.0 2129.0 2182.0 2176.0 2131.0 2111.0 2117.0 2100.0 2037.0 1930.0 1887.0 1841.0 1834.0 1774.0
1561.0 1542.0 1272.0 816.0 537.0 421.0 403.0 324.0 270.0 271.0 325.0 362.0 321.0 462.0 492.0 563.0 661.0 716.0 725.0 897.0 926.0 894.0 893.0 894.0 939.0 940.0 935.0 906.0 922.0 937.0 913.0 999.0 1006.0 959.0 1138.0 1211.0 1137.0 1138.0 1231.0 1568.0 1715.0 1715.0 1891.0 2182.0 2171.0 2157.0 2163.0 2209.0 2191.0 2118.0 2112.0 2120.0 2125.0 2121.0 2124.0 2118.0 2160.0 2192.0 2181.0 2158.0 2164.0 2169.0 2150.0 2172.0 2164.0 2130.0 2124.0 2170.0 2195.0 2140.0 2106.0 2104.0 2107.0 2104.0 2063.0 1947.0 1893.0 1847.0 1834.0 1767.0
1811.0 1832.0 1897.0 1721.0 1378.0 1083.0 850.0 591.0 516.0 431.0 329.0 406.0 503.0 504.0 539.0 618.0 782.0 900.0 901.0 996.0 1091.0 1037.0 1029.0 1001.0 941.0 940.0 939.0 935.0 955.0 962.0 1004.0 1012.0 1022.0 1182.0 1138.0 1266.0 1299.0 1323.0 1539.0 1815.0 1976.0 2046.0 2092.0 2145.0 2168.0 2165.0 2167.0 2194.0 2198.0 2178.0 2109.0 2111.0 2169.0 2177.0 2176.0 2173.0 2159.0 2179.0 2187.0 2167.0 2166.0 2179.0 2143.0 2156.0 2160.0 2135.0 2141.0 2196.0 2203.0 2174.0 2132.0 2148.0 2142.0 2098.0 2051.0 1940.0 1885.0 1881.0 1839.0 1763.0
1734.0 1727.0 1890.0 1908.0 1778.0 1668.0 1343.0 1312.0 1314.0 1262.0 1040.0 830.0 706.0 692.0 632.0 761.0 984.0 1016.0 1018.0 1103.0 1130.0 1161.0 1145.0 1084.0 1067.0 1064.0 1019.0 1038.0 999.0 1047.0 1011.0 1017.0 1055.0 1231.0 1256.0 1285.0 1302.0 1340.0 1685.0 2023.0 2133.0 2149.0 2148.0 2148.0 2171.0 2174.0 2167.0 2176.0 2182.0 2184.0 2171.0 2140.0 2176.0 2189.0 2177.0 2200.0 2194.0 2167.0 2173.0 2162.0 2163.0 2183.0 2203.0 2171.0 2167.0 2164.0 2160.0 2173.0 2181.0 2173.0 2150.0 2160.0 2161.0 2107.0 2014.0 1944.0 1880.0 1840.0 1835.0 1785.0
1733.0 1735.0 1779.0 1742.0 1778.0 1866.0 1733.0 1726.0 1888.0 1894.0 1701.0 1331.0 706.0 554.0 584.0 876.0 1147.0 1158.0 1182.0 1235.0 1210.0 1436.0 1455.0 1255.0 1135.0 1064.0 1046.0 1040.0 1048.0 1048.0 1065.0 1203.0 1260.0 1268.0 1281.0 1288.0 1301.0 1341.0 1733.0 2078.0 2134.0 2150.0 2161.0 2180.0 2190.0 2177.0 2165.0 2181.0 2181.0 2175.0 2177.0 2175.0 2177.0 2168.0 2151.0 2192.0 2154.0 2154.0 2192.0 2182.0 2169.0 2166.0 2188.0 2168.0 2162.0 2150.0 2140.0 2139.0 2153.0 2170.0 2159.0 2171.0 2151.0 2047.0 2010.0 1965.0 1879.0 1836.0 1834.0 1774.0
1733.0 1724.0 1777.0 1743.0 1778.0 1889.0 1886.0 1818.0 1925.0 1933.0 1783.0 1626.0 1265.0 1066.0 1220.0 1551.0 1551.0 1314.0 1236.0 1306.0 1312.0 1558.0 1765.0 1719.0 1418.0 1240.0 1235.0 1211.0 1113.0 1249.0 1226.0 1203.0 1260.0 1259.0 1274.0 1307.0 1408.0 1429.0 1732.0 2083.0 2134.0 2103.0 2154.0 2181.0 2188.0 2177.0 2172.0 2184.0 2183.0 2178.0 2178.0 2177.0 2180.0 2179.0 2136.0 2184.0 2194.0 2173.0 2201.0 2205.0 2177.0 2165.0 2157.0 2156.0 2156.0 2134.0 2127.0 2149.0 2154.0 2114.0 2109.0 2136.0 2114.0 2036.0 2004.0 1959.0 1879.0 1846.0 1834.0 1761.0
1831.0 1726.0 1780.0 1919.0 1957.0 1915.0 1882.0 1932.0 1941.0 1959.0 1969.0 1882.0 1903.0 1975.0 1978.0 1945.0 1834.0 1568.0 1237.0 1286.0 1312.0 1541.0 1873.0 1895.0 1751.0 1543.0 1391.0 1271.0 1255.0 1249.0 1293.0 1357.0 1293.0 1400.0 1409.0 1402.0 1406.0 1427.0 1737.0 2088.0 2138.0 2114.0 2153.0 2178.0 2179.0 2177.0 2173.0 2183.0 2182.0 2173.0 2172.0 2169.0 2176.0 2171.0 2141.0 2189.0 2200.0 2182.0 2167.0 2184.0 2176.0 2153.0 2146.0 2131.0 2146.0 2122.0 2128.0 2188.0 2198.0 2101.0 2112.0 2117.0 2073.0 2037.0 2012.0 1988.0 1884.0 1846.0 1838.0 1769.0
1844.0 1921.0 1890.0 2003.0 2106.0 1945.0 1860.0 1970.0 2005.0 1961.0 1969.0 1882.0 1981.0 2028.0 2015.0 1997.0 1986.0 1974.0 1538.0 1310.0 1312.0 1540.0 1873.0 2011.0 2006.0 1851.0 1808.0 1626.0 1626.0 1429.0 1391.0 1357.0 1415.0 1401.0 1441.0 1416.0 1413.0 1497.0 1839.0 2084.0 2140.0 2159.0 2152.0 2181.0 2193.0 2178.0 2177.0 2183.0 2182.0 2175.0 2171.0 2165.0 2170.0 2150.0 2158.0 2199.0 2193.0 2176.0 2184.0 2181.0 2179.0 2185.0 2182.0 2157.0 2158.0 2165.0 2168.0 2184.0 2188.0 2098.0 2117.0 2122.0 2068.0 2044.0 2009.0 1986.0 1878.0 1842.0 1834.0 1773.0
1920.0 1937.0 1939.0 1942.0 1959.0 1998.0 1877.0 1963.0 1932.0 1943.0 2121.0 2013.0 1914.0 1999.0 2011.0 1997.0 2017.0 2030.0 1863.0 1405.0 1312.0 1386.0 1791.0 2119.0 2098.0 2046.0 2015.0 2017.0 1825.0 1650.0 1650.0 1541.0 1416.0 1436.0 1436.0 1434.0 1464.0 1501.0 1839.0 2097.0 2142.0 2189.0 2193.0 2181.0 2185.0 2178.0 2181.0 2191.0 2185.0 2173.0 2176.0 2180.0 2169.0 2148.0 2150.0 2181.0 2190.0 2190.0 2207.0 2187.0 2176.0 2191.0 2177.0 2165.0 2164.0 2162.0 2163.0 2185.0 2163.0 2099.0 2107.0 2082.0 2063.0 2055.0 2012.0 1984.0 1887.0 1858.0 1837.0 1761.0
2023.0 1915.0 1798.0 1776.0 1858.0 1950.0 1810.0 1843.0 2114.0 2249.0 2220.0 2102.0 2097.0 2004.0 2120.0 2087.0 1981.0 2011.0 1898.0 1578.0 1371.0 1364.0 1704.0 2011.0 2098.0 2050.0 2018.0 2056.0 2069.0 2014.0 1834.0 1834.0 1565.0 1456.0 1439.0 1456.0 1533.0 1646.0 1948.0 2161.0 2140.0 2180.0 2213.0 2183.0 2179.0 2178.0 2175.0 2183.0 2186.0 2176.0 2198.0 2223.0 2224.0 2165.0 2157.0 2180.0 2199.0 2190.0 2184.0 2190.0 2181.0 2192.0 2159.0 2149.0 2146.0 2121.0 2135.0 2185.0 2136.0 2094.0 2087.0 2057.0 2072.0 2068.0 2005.0 1977.0 1900.0 1874.0 1836.0 1753.0
1832.0 1919.0 1908.0 1926.0 1960.0 1943.0 1802.0 2001.0 2133.0 2137.0 2124.0 2005.0 1956.0 1928.0 2006.0 2082.0 2002.0 2050.0 1925.0 1976.0 1524.0 1358.0 1487.0 1798.0 2006.0 2049.0 2115.0 2054.0 2110.0 2123.0 2098.0 2065.0 1862.0 1602.0 1490.0 1542.0 1600.0 1763.0 2004.0 2179.0 2176.0 2172.0 2175.0 2186.0 2186.0 2170.0 2174.0 2184.0 2192.0 2172.0 2171.0 2202.0 2223.0 2164.0 2168.0 2185.0 2200.0 2194.0 2165.0 2170.0 2146.0 2142.0 2160.0 2165.0 2159.0 2121.0 2125.0 2183.0 2177.0 2097.0 2087.0 2084.0 2070.0 2041.0 2001.0 1985.0 1904.0 1874.0 1834.0 1749.0
2023.0 2136.0 2258.0 2258.0 2106.0 2014.0 1850.0 1847.0 2012.0 2170.0 2220.0 2023.0 2070.0 2001.0 2015.0 2088.0 2054.0 2035.0 2024.0 1976.0 1524.0 1375.0 1383.0 1562.0 1837.0 2043.0 2111.0 2106.0 2102.0 2093.0 2095.0 2084.0 2085.0 1798.0 1554.0 1549.0 1602.0 1795.0 2037.0 2179.0 2193.0 2183.0 2168.0 2186.0 2192.0 2167.0 2177.0 2193.0 2198.0 2185.0 2167.0 2158.0 2165.0 2163.0 2158.0 2171.0 2158.0 2158.0 2167.0 2177.0 2136.0 2120.0 2144.0 2153.0 2152.0 2153.0 2145.0 2163.0 2167.0 2132.0 2117.0 2107.0 2059.0 2023.0 1991.0 1980.0 1902.0 1875.0 1846.0 1753.0
1932.0 2012.0 1916.0 1925.0 2024.0 2146.0 1924.0 1998.0 2142.0 2179.0 1940.0 2008.0 2066.0 2071.0 2130.0 2111.0 2040.0 2052.0 2061.0 2097.0 1682.0 1417.0 1382.0 1436.0 1671.0 1906.0 2102.0 2121.0 2101.0 2096.0 2104.0 2086.0 2123.0 2046.0 1738.0 1721.0 1736.0 1829.0 2059.0 2183.0 2200.0 2205.0 2205.0 2186.0 2184.0 2167.0 2174.0 2197.0 2193.0 2175.0 2172.0 2162.0 2168.0 2165.0 2153.0 2172.0 2150.0 2146.0 2151.0 2149.0 2144.0 2140.0 2146.0 2141.0 2137.0 2150.0 2140.0 2144.0 2129.0 2096.0 2100.0 2083.0 2079.0 2068.0 1982.0 1934.0 1905.0 1887.0 1858.0 1783.0
1949.0 1989.0 1936.0 1955.0 2023.0 2103.0 1925.0 2036.0 2141.0 2092.0 1940.0 2105.0 2104.0 2131.0 2138.0 2089.0 2015.0 2059.0 2058.0 2100.0 1961.0 1521.0 1382.0 1379.0 1473.0 1728.0 2092.0 2104.0 2101.0 2117.0 2115.0 2086.0 2113.0 2114.0 1952.0 1869.0 1869.0 1951.0 2081.0 2185.0 2204.0 2221.0 2215.0 2184.0 2178.0 2175.0 2176.0 2193.0 2188.0 2171.0 2168.0 2161.0 2161.0 2164.0 2156.0 2163.0 2151.0 2147.0 2131.0 2127.0 2144.0 2146.0 2158.0 2157.0 2134.0 2127.0 2125.0 2131.0 2131.0 2096.0 2058.0 2089.0 2095.0 2067.0 1979.0 1934.0 1911.0 1885.0 1856.0 1786.0
1947.0 1999.0 2043.0 2028.0 2022.0 2010.0 1952.0 1977.0 2034.0 2135.0 2129.0 2138.0 2154.0 2136.0 2110.0 2052.0 2008.0 2083.0 2136.0 2127.0 2073.0 1657.0 1384.0 1379.0 1439.0 1674.0 1951.0 2058.0 2071.0 2105.0 2113.0 2114.0 2095.0 2113.0 2120.0 2004.0 2041.0 2081.0 2154.0 2179.0 2184.0 2210.0 2212.0 2187.0 2183.0 2180.0 2178.0 2190.0 2192.0 2169.0 2166.0 2159.0 2161.0 2166.0 2150.0 2152.0 2145.0 2149.0 2139.0 2138.0 2143.0 2143.0 2154.0 2156.0 2132.0 2127.0 2140.0 2156.0 2162.0 2134.0 2059.0 2083.0 2083.0 2033.0 1965.0 1931.0 1909.0 1858.0 1824.0 1781.0
1861.0 1890.0 2104.0 2098.0 1993.0 2006.0 1972.0 1983.0 2021.0 2089.0 2129.0 2122.0 2124.0 2067.0 2040.0 2033.0 2017.0 2079.0 2131.0 2128.0 2074.0 1822.0 1564.0 1438.0 1448.0 1564.0 1866.0 2096.0 2067.0 2096.0 2097.0 2146.0 2111.0 2102.0 2132.0 2133.0 2094.0 2097.0 2162.0 2177.0 2171.0 2186.0 2185.0 2186.0 2181.0 2181.0 2177.0 2195.0 2198.0 2169.0 2166.0 2155.0 2168.0 2173.0 2155.0 2152.0 2151.0 2159.0 2140.0 2137.0 2139.0 2143.0 2139.0 2137.0 2131.0 2130.0 2141.0 2172.0 2154.0 2098.0 2051.0 2018.0 1974.0 1969.0 1947.0 1925.0 1905.0 1855.0 1817.0 1765.0
1863.0 1993.0 2116.0 2099.0 2025.0 2103.0 2004.0 2003.0 2040.0 2087.0 2066.0 2124.0 1929.0 1976.0 2044.0 2053.0 2027.0 2062.0 2058.0 2117.0 2101.0 2077.0 1881.0 1671.0 1671.0 1706.0 1946.0 2089.0 2131.0 2118.0 2097.0 2123.0 2121.0 2108.0 2126.0 2150.0 2101.0 2097.0 2161.0 2174.0 2165.0 2168.0 2177.0 2171.0 2177.0 2181.0 2177.0 2172.0 2176.0 2168.0 2166.0 2152.0 2173.0 2167.0 2168.0 2155.0 2157.0 2152.0 2131.0 2132.0 2139.0 2132.0 2120.0 2135.0 2127.0 2129.0 2149.0 2177.0 2127.0 2067.0 2061.0 2023.0 1954.0 1935.0 1942.0 1924.0 1869.0 1822.0 1796.0 1743.0
1952.0 2104.0 2097.0 2097.0 2092.0 2192.0 2021.0 1992.0 2046.0 2142.0 2122.0 2102.0 1813.0 1976.0 2100.0 2078.0 2029.0 2051.0 2081.0 2127.0 2111.0 2117.0 2059.0 2019.0 2019.0 2040.0 2071.0 2063.0 2134.0 2123.0 2121.0 2110.0 2114.0 2112.0 2129.0 2150.0 2081.0 2086.0 2141.0 2143.0 2166.0 2171.0 2181.0 2182.0 2173.0 2179.0 2172.0 2153.0 2155.0 2166.0 2164.0 2157.0 2166.0 2148.0 2159.0 2140.0 2146.0 2135.0 2132.0 2136.0 2142.0 2138.0 2131.0 2150.0 2118.0 2122.0 2152.0 2177.0 2154.0 2108.0 2106.0 2039.0 1966.0 1954.0 1947.0 1931.0 1869.0 1808.0 1792.0 1742.0
1951.0 1948.0 2061.0 2093.0 2064.0 2071.0 1974.0 1971.0 2005.0 2068.0 2032.0 2030.0 2011.0 2065.0 2103.0 2073.0 2023.0 2045.0 2116.0 2109.0 2082.0 2110.0 2107.0 2115.0 2128.0 2133.0 2136.0 2116.0 2094.0 2118.0 2124.0 2111.0 2101.0 2104.0 2143.0 2152.0 2088.0 2081.0 2120.0 2125.0 2177.0 2182.0 2177.0 2185.0 2172.0 2173.0 2176.0 2164.0 2160.0 2154.0 2136.0 2154.0 2151.0 2119.0 2101.0 2126.0 2157.0 2132.0 2132.0 2129.0 2128.0 2140.0 2139.0 2148.0 2106.0 2095.0 2120.0 2149.0 2154.0 2125.0 2093.0 2022.0 1963.0 1977.0 1978.0 1918.0 1871.0 1849.0 1826.0 1752.0
1950.0 1890.0 2023.0 2011.0 1965.0 1882.0 1878.0 1835.0 1966.0 2022.0 1992.0 2130.0 2140.0 2067.0 2100.0 2130.0 2029.0 2066.0 2082.0 2137.0 2105.0 2146.0 2147.0 2108.0 2103.0 2129.0 2197.0 2138.0 2130.0 2145.0 2104.0 2108.0 2117.0 2105.0 2131.0 2147.0 2164.0 2156.0 2140.0 2157.0 2166.0 2167.0 2169.0 2170.0 2172.0 2176.0 2172.0 2161.0 2156.0 2124.0 2121.0 2148.0 2153.0 2115.0 2093.0 2127.0 2145.0 2129.0 2129.0 2123.0 2126.0 2103.0 2110.0 2133.0 2119.0 2100.0 2102.0 2102.0 2108.0 2099.0 2069.0 2025.0 1971.0 1982.0 1997.0 1903.0 1861.0 1849.0 1834.0 1763.0
2061.0 1823.0 1877.0 2089.0 2270.0 2105.0 2002.0 1963.0 1998.0 2068.0 2001.0 2035.0 2014.0 1978.0 2042.0 2130.0 2120.0 2135.0 2226.0 2174.0 2105.0 2136.0 2078.0 2071.0 2081.0 2086.0 2138.0 2083.0 2129.0 2144.0 2130.0 2117.0 2122.0 2106.0 2123.0 2150.0 2173.0 2173.0 2156.0 2156.0 2157.0 2158.0 2158.0 2153.0 2166.0 2170.0 2147.0 2150.0 2152.0 2126.0 2121.0 2149.0 2149.0 2120.0 2115.0 2122.0 2110.0 2127.0 2127.0 2122.0 2114.0 2082.0 2106.0 2099.0 2107.0 2089.0 2091.0 2094.0 2075.0 2082.0 2047.0 2023.0 2010.0 2005.0 2001.0 1938.0 1868.0 1848.0 1834.0 1764.0
1906.0 1887.0 1899.0 2096.0 2270.0 2073.0 1909.0 2013.0 2044.0 2023.0 2003.0 2089.0 2052.0 2075.0 2101.0 2130.0 2128.0 2044.0 2129.0 2093.0 2041.0 2119.0 2110.0 2108.0 2106.0 2115.0 2142.0 2103.0 2083.0 2094.0 2139.0 2114.0 2141.0 2106.0 2135.0 2149.0 2156.0 2164.0 2139.0 2131.0 2143.0 2138.0 2145.0 2141.0 2153.0 2161.0 2156.0 2161.0 2157.0 2125.0 2101.0 2156.0 2161.0 2122.0 2120.0 2121.0 2122.0 2126.0 2126.0 2116.0 2083.0 2080.0 2103.0 2081.0 2097.0 2089.0 2103.0 2101.0 2073.0 2105.0 2051.0 2010.0 1999.0 1997.0 2001.0 1955.0 1892.0 1861.0 1831.0 1764.0
2061.0 1933.0 2061.0 2058.0 2054.0 2115.0 2173.0 1986.0 2002.0 2111.0 2263.0 2291.0 2137.0 2140.0 2207.0 2173.0 2136.0 2141.0 2127.0 2048.0 2033.0 2143.0 2157.0 2156.0 2145.0 2128.0 2122.0 2078.0 2060.0 2095.0 2140.0 2117.0 2144.0 2144.0 2162.0 2157.0 2135.0 2137.0 2165.0 2158.0 2139.0 2158.0 2153.0 2134.0 2150.0 2158.0 2149.0 2160.0 2158.0 2125.0 2101.0 2136.0 2150.0 2122.0 2134.0 2120.0 2112.0 2108.0 2122.0 2121.0 2070.0 2081.0 2092.0 2065.0 2081.0 2087.0 2104.0 2107.0 2096.0 2121.0 2058.0 2015.0 2006.0 1988.0 2003.0 1964.0 1891.0 1865.0 1834.0 1765.0
1879.0 1828.0 1898.0 2034.0 2059.0 2041.0 1914.0 2015.0 2023.0 2019.0 2118.0 2144.0 2142.0 2132.0 2044.0 2044.0 2055.0 2052.0 2038.0 2090.0 2047.0 2036.0 2055.0 2097.0 2110.0 2129.0 2141.0 2101.0 2134.0 2096.0 2118.0 2134.0 2120.0 2131.0 2161.0 2150.0 2133.0 2131.0 2141.0 2144.0 2144.0 2155.0 2134.0 2127.0 2161.0 2160.0 2141.0 2157.0 2156.0 2124.0 2101.0 2117.0 2129.0 2119.0 2133.0 2120.0 2107.0 2109.0 2109.0 2098.0 2073.0 2080.0 2082.0 2066.0 2058.0 2061.0 2046.0 2058.0 2060.0 2049.0 2029.0 2003.0 1997.0 1987.0 1994.0 1943.0 1869.0 1852.0 1835.0 1768.0
1941.0 1835.0 1973.0 2027.0 1941.0 1804.0 1997.0 2122.0 2040.0 1992.0 2008.0 2141.0 2032.0 2002.0 2126.0 2146.0 2077.0 2137.0 2234.0 2081.0 2030.0 2032.0 2054.0 2138.0 2149.0 2139.0 2145.0 2071.0 2077.0 2157.0 2153.0 2121.0 2121.0 2106.0 2163.0 2155.0 2140.0 2140.0 2140.0 2138.0 2149.0 2151.0 2148.0 2154.0 2147.0 2136.0 2141.0 2157.0 2160.0 2126.0 2032.0 2014.0 2073.0 2121.0 2115.0 2117.0 2113.0 2115.0 2105.0 2098.0 2102.0 2086.0 2077.0 2050.0 1936.0 1848.0 1871.0 1854.0 1854.0 1854.0 1848.0 1841.0 1844.0 1833.0 1815.0 1800.0 1784.0 1821.0 1807.0 1755.0
1966.0 1873.0 1886.0 2027.0 2043.0 1873.0 1873.0 2017.0 2013.0 1994.0 2010.0 1982.0 1997.0 2003.0 2058.0 2068.0 2061.0 2104.0 2044.0 2049.0 2168.0 2117.0 2154.0 2166.0 2163.0 2170.0 2154.0 2188.0 2137.0 2158.0 2199.0 2116.0 2154.0 2169.0 2157.0 2168.0 2158.0 2135.0 2104.0 2127.0 2139.0 2130.0 2130.0 2151.0 2174.0 2159.0 2145.0 2157.0 2126.0 2094.0 2001.0 2005.0 2074.0 2123.0 2118.0 2110.0 2116.0 2103.0 2100.0 2099.0 2100.0 2087.0 2071.0 2042.0 1927.0 1812.0 1731.0 1702.0 1665.0 1691.0 1682.0 1671.0 1665.0 1663.0 1660.0 1650.0 1642.0 1642.0 1649.0 1624.0
1890.0 1893.0 1892.0 2050.0 2076.0 2052.0 1871.0 1931.0 2001.0 2090.0 2121.0 2073.0 2191.0 2072.0 2052.0 2063.0 2060.0 2044.0 2038.0 2176.0 2067.0 2118.0 2154.0 2146.0 2148.0 2136.0 2121.0 2139.0 2149.0 2149.0 2159.0 2133.0 2115.0 2143.0 2156.0 2172.0 2176.0 2160.0 2157.0 2126.0 2133.0 2118.0 2097.0 2128.0 2136.0 2127.0 2145.0 2156.0 2125.0 1941.0 1776.0 1844.0 1945.0 2100.0 2101.0 2107.0 2120.0 2113.0 2101.0 2051.0 2063.0 2083.0 2068.0 1975.0 1922.0 1803.0 1725.0 1699.0 1617.0 1567.0 1535.0 1472.0 1520.0 1522.0 1523.0 1521.0 1525.0 1527.0 1533.0 1511.0
1874.0 1858.0 1999.0 2051.0 2058.0 2046.0 1962.0 2005.0 2047.0 2103.0 2118.0 2072.0 2196.0 2182.0 2158.0 2195.0 2196.0 2089.0 2101.0 2095.0 2170.0 2093.0 2155.0 2148.0 2111.0 2131.0 2148.0 2185.0 2160.0 2109.0 2162.0 2094.0 2189.0 2139.0 2151.0 2112.0 2091.0 2134.0 2100.0 2117.0 2154.0 2153.0 2124.0 2109.0 2114.0 2120.0 2128.0 2075.0 1990.0 1761.0 1729.0 1758.0 1782.0 1986.0 2089.0 2087.0 2086.0 2112.0 2097.0 2032.0 2023.0 1985.0 1971.0 1919.0 1922.0 1806.0 1724.0 1697.0 1605.0 1561.0 1521.0 1447.0 1401.0 1357.0 1402.0 1400.0 1398.0 1393.0 1347.0 1369.0
1912.0 1776.0 1979.0 2042.0 2039.0 2027.0 2013.0 2021.0 2019.0 2092.0 2161.0 2089.0 1979.0 2155.0 2123.0 2092.0 2099.0 2087.0 2054.0 2078.0 2180.0 2142.0 2156.0 2143.0 2069.0 2073.0 2145.0 2138.0 2152.0 2161.0 2111.0 2150.0 2159.0 2154.0 2176.0 2136.0 2137.0 2131.0 2093.0 2076.0 2155.0 2155.0 2096.0 2135.0 2178.0 2175.0 2103.0 2074.0 1990.0 1735.0 1731.0 1758.0 1771.0 1929.0 2067.0 2095.0 2070.0 2045.0 2036.0 2046.0 1905.0 1631.0 1693.0 1691.0 1887.0 1810.0 1725.0 1692.0 1597.0 1553.0 1519.0 1445.0 1398.0 1341.0 1318.0 1291.0 1266.0 1260.0 1347.0 1284.0
1974.0 1973.0 1992.0 2046.0 2047.0 2044.0 1976.0 1984.0 1993.0 2083.0 2160.0 2082.0 1886.0 2086.0 2076.0 2186.0 2197.0 2043.0 2103.0 2099.0 2078.0 2116.0 2112.0 2108.0 2071.0 2078.0 2138.0 2131.0 2094.0 2044.0 2118.0 2141.0 2115.0 2126.0 2115.0 2102.0 2092.0 2062.0 2092.0 2120.0 2150.0 2133.0 2121.0 2137.0 2127.0 2105.0 2101.0 2024.0 1737.0 1682.0 1629.0 1634.0 1747.0 1929.0 2098.0 2096.0 2055.0 2047.0 2097.0 2047.0 1899.0 1560.0 1427.0 1490.0 1682.0 1799.0 1724.0 1685.0 1586.0 1546.0 1481.0 1437.0 1395.0 1337.0 1316.0 1288.0 1242.0 1204.0 1197.0 1162.0
1801.0 1774.0 1887.0 1953.0 2046.0 2040.0 1885.0 2047.0 2027.0 2018.0 2005.0 1988.0 1905.0 2079.0 2073.0 2184.0 2156.0 2047.0 2158.0 2178.0 2162.0 2172.0 2111.0 2089.0 2084.0 2099.0 2175.0 2201.0 2086.0 2111.0 2078.0 2140.0 2181.0 2146.0 2133.0 2180.0 2085.0 2101.0 2069.0 2075.0 2103.0 2086.0 2083.0 2087.0 2133.0 2114.0 2079.0 1807.0 1553.0 1469.0 1468.0 1473.0 1511.0 1802.0 2092.0 2101.0 2065.0 2035.0 2036.0 2036.0 1917.0 1584.0 1427.0 1407.0 1593.0 1715.0 1714.0 1662.0 1596.0 1551.0 1482.0 1444.0 1395.0 1333.0 1313.0 1280.0 1235.0 1198.0 1189.0 1132.0
1832.0 1852.0 2048.0 1953.0 1983.0 2030.0 2015.0 1950.0 2029.0 2009.0 1897.0 1887.0 1965.0 2084.0 2110.0 2108.0 2097.0 2089.0 2087.0 2104.0 2084.0 2151.0 2117.0 2140.0 2145.0 2151.0 2167.0 2192.0 2164.0 2109.0 2097.0 2140.0 2156.0 2085.0 2081.0 2112.0 2087.0 2068.0 2059.0 2067.0 2156.0 2156.0 2082.0 2080.0 2132.0 2071.0 1717.0 1481.0 1457.0 1469.0 1468.0 1473.0 1511.0 1512.0 1575.0 1779.0 2024.0 2033.0 2036.0 2018.0 1907.0 1777.0 1557.0 1396.0 1375.0 1578.0 1702.0 1675.0 1596.0 1558.0 1481.0 1439.0 1394.0 1327.0 1310.0 1281.0 1235.0 1190.0 1170.0 1122.0
2002.0 1986.0 2098.0 2320.0 2083.0 1985.0 2092.0 2252.0 2254.0 2089.0 1898.0 1887.0 2101.0 2088.0 2162.0 2133.0 2098.0 2086.0 2076.0 2012.0 2113.0 2063.0 2113.0 2141.0 2121.0 2117.0 2135.0 2111.0 2141.0 2106.0 2134.0 2147.0 2156.0 2016.0 2116.0 2116.0 2149.0 2130.0 2067.0 2012.0 2032.0 2097.0 2118.0 2078.0 2094.0 2080.0 1717.0 1345.0 1338.0 1340.0 1325.0 1352.0 1349.0 1354.0 1352.0 1356.0 1392.0 1479.0 1482.0 1613.0 1891.0 1893.0 1713.0 1403.0 1335.0 1417.0 1591.0 1638.0 1567.0 1540.0 1476.0 1429.0 1388.0 1340.0 1317.0 1277.0 1230.0 1185.0 1164.0 1117.0
2013.0 1969.0 1962.0 2202.0 1982.0 1989.0 2096.0 2070.0 2129.0 2023.0 2005.0 2093.0 2143.0 1954.0 2131.0 2116.0 2072.0 2084.0 2141.0 2079.0 2158.0 2069.0 2122.0 2135.0 2123.0 2156.0 2138.0 2096.0 2073.0 2044.0 2066.0 2138.0 2100.0 2013.0 2099.0 2079.0 2102.0 2066.0 2064.0 2006.0 2030.0 2059.0 2105.0 2113.0 2130.0 1934.0 1558.0 1340.0 1328.0 1340.0 1325.0 1220.0 1246.0 1244.0 1174.0 1149.0 1185.0 1186.0 1160.0 1196.0 1349.0 1777.0 1784.0 1494.0 1318.0 1289.0 1456.0 1580.0 1564.0 1535.0 1472.0 1429.0 1382.0 1320.0 1299.0 1276.0 1232.0 1183.0 1175.0 1124.0
2001.0 1964.0 2045.0 2202.0 2095.0 1884.0 1868.0 2252.0 2254.0 2015.0 2007.0 2115.0 2140.0 1937.0 1978.0 2029.0 2075.0 2085.0 2154.0 2188.0 2102.0 2111.0 2128.0 2133.0 2112.0 2149.0 2176.0 2111.0 2019.0 2020.0 2071.0 2139.0 2078.0 2065.0 2085.0 2182.0 2143.0 2064.0 2062.0 2033.0 2030.0 2072.0 2101.0 2082.0 2063.0 1652.0 1286.0 1273.0 1247.0 1206.0 1181.0 1197.0 1115.0 1107.0 1132.0 1092.0 1072.0 1074.0 1099.0 1171.0 1186.0 1437.0 1715.0 1537.0 1276.0 1266.0 1269.0 1427.0 1554.0 1508.0 1455.0 1425.0 1376.0 1304.0 1261.0 1244.0 1223.0 1185.0 1155.0 1100.0
1955.0 1959.0 1960.0 2063.0 2084.0 1971.0 1977.0 2069.0 2126.0 1973.0 2099.0 2256.0 2173.0 2153.0 1980.0 2007.0 1848.0 2006.0 2148.0 2122.0 2137.0 2065.0 2096.0 2137.0 2091.0 2123.0 2159.0 2118.0 2054.0 2049.0 2081.0 2066.0 2152.0 2072.0 2133.0 2048.0 2080.0 2069.0 2077.0 2053.0 2027.0 2055.0 2140.0 2092.0 1682.0 1310.0 1278.0 1281.0 1240.0 1192.0 1176.0 1178.0 1110.0 1059.0 1059.0 1055.0 1059.0 1056.0 1053.0 1056.0 1167.0 1234.0 1444.0 1478.0 1241.0 1258.0 1269.0 1427.0 1528.0 1509.0 1451.0 1413.0 1364.0 1305.0 1260.0 1242.0 1220.0 1171.0 1144.0 1098.0
1951.0 1786.0 1795.0 2017.0 2086.0 2078.0 2085.0 2079.0 2123.0 1916.0 1890.0 2016.0 1982.0 1923.0 2132.0 2031.0 2096.0 2136.0 2137.0 2030.0 2024.0 2084.0 1979.0 2121.0 2093.0 2136.0 2157.0 2147.0 2133.0 2052.0 2057.0 2068.0 2089.0 2078.0 2096.0 2037.0 2089.0 2063.0 2078.0 2085.0 2072.0 2059.0 1935.0 1568.0 1268.0 1215.0 1233.0 1261.0 1237.0 1204.0 1174.0 1043.0 1041.0 1057.0 1043.0 1036.0 1054.0 1054.0 1035.0 1019.0 1037.0 1123.0 1205.0 1234.0 1228.0 1220.0 1183.0 1218.0 1430.0 1501.0 1467.0 1417.0 1365.0 1302.0 1214.0 1194.0 1195.0 1169.0 1136.0 1100.0
1794.0 1788.0 1958.0 2071.0 2074.0 2071.0 2080.0 2073.0 2034.0 1971.0 2057.0 2025.0 1969.0 2117.0 2081.0 2034.0 2078.0 2061.0 2045.0 2064.0 2025.0 2077.0 2133.0 2043.0 2045.0 2156.0 2176.0 2163.0 2139.0 2048.0 2059.0 2131.0 2039.0 2057.0 2098.0 2073.0 2140.0 2067.0 2073.0 2087.0 2072.0 2080.0 1681.0 1235.0 1193.0 1202.0 1210.0 1210.0 1202.0 1021.0 945.0 940.0 947.0 954.0 960.0 988.0 971.0 965.0 1006.0 1019.0 1031.0 964.0 974.0 1073.0 1186.0 1173.0 1174.0 1218.0 1347.0 1462.0 1429.0 1393.0 1351.0 1300.0 1235.0 1221.0 1199.0 1162.0 1135.0 1085.0
1951.0 2155.0 2081.0 2033.0 1855.0 1878.0 1991.0 2079.0 2018.0 2088.0 2011.0 1967.0 1973.0 2110.0 2127.0 2069.0 2070.0 2036.0 2051.0 2117.0 2088.0 2112.0 2131.0 2000.0 2064.0 2137.0 2115.0 2129.0 2122.0 2052.0 2091.0 2069.0 2027.0 2058.0 2094.0 2030.0 2139.0 2044.0 2045.0 2085.0 2050.0 2097.0 1582.0 1181.0 1176.0 1180.0 1200.0 1186.0 932.0 914.0 925.0 931.0 931.0 940.0 935.0 935.0 942.0 950.0 909.0 915.0 936.0 954.0 963.0 971.0 1020.0 1130.0 1137.0 1104.0 1122.0 1344.0 1438.0 1395.0 1354.0 1301.0 1230.0 1226.0 1194.0 1148.0 1129.0 1082.0
1796.0 1795.0 1884.0 2033.0 2085.0 1811.0 2081.0 2234.0 2055.0 2088.0 2013.0 2028.0 2090.0 2110.0 1979.0 2065.0 1979.0 2103.0 2263.0 2113.0 1923.0 2065.0 1979.0 1990.0 2001.0 2049.0 2059.0 2061.0 2045.0 2056.0 2079.0 1992.0 2020.0 2157.0 2106.0 2025.0 2074.0 2011.0 2070.0 2049.0 2073.0 2056.0 1447.0 1136.0 1142.0 1154.0 1162.0 950.0 914.0 917.0 933.0 933.0 915.0 912.0 919.0 913.0 929.0 919.0 884.0 886.0 934.0 954.0 956.0 949.0 950.0 952.0 969.0 1104.0 1122.0 1155.0 1382.0 1386.0 1344.0 1300.0 1218.0 1194.0 1185.0 1131.0 1119.0 1078.0
1794.0 2040.0 1789.0 1588.0 1588.0 2003.0 2284.0 2256.0 2012.0 1919.0 2102.0 2101.0 2091.0 2108.0 2072.0 2029.0 1954.0 2100.0 2060.0 1966.0 1991.0 2062.0 1899.0 2077.0 2074.0 2091.0 2102.0 2084.0 2132.0 2065.0 1977.0 1969.0 2022.0 2147.0 2143.0 2034.0 2059.0 2047.0 2046.0 2048.0 2073.0 1762.0 1210.0 1114.0 1125.0 1132.0 1117.0 920.0 912.0 913.0 888.0 869.0 891.0 888.0 884.0 883.0 865.0 883.0 886.0 872.0 858.0 869.0 932.0 942.0 944.0 911.0 918.0 949.0 984.0 1031.0 1203.0 1320.0 1334.0 1293.0 1216.0 1192.0 1185.0 1117.0 1118.0 1076.0
1951.0 2167.0 1787.0 1772.0 1865.0 2003.0 2111.0 2058.0 1902.0 1883.0 2120.0 2072.0 2030.0 2103.0 2123.0 1999.0 2056.0 2100.0 2046.0 2057.0 2150.0 2070.0 2070.0 2219.0 2087.0 2161.0 2107.0 2125.0 2037.0 1974.0 1977.0 1965.0 2015.0 2061.0 2092.0 2020.0 2069.0 2072.0 1985.0 2053.0 2012.0 1443.0 1136.0 1112.0 1111.0 1091.0 907.0 893.0 908.0 889.0 847.0 846.0 849.0 855.0 864.0 858.0 836.0 840.0 881.0 880.0 858.0 862.0 845.0 890.0 895.0 904.0 894.0 889.0 984.0 1031.0 1203.0 1303.0 1326.0 1285.0 1218.0 1196.0 1188.0 1118.0 1121.0 1072.0
2150.0 2167.0 1909.0 1896.0 1805.0 1573.0 2019.0 2202.0 2089.0 1926.0 2217.0 2088.0 2006.0 1959.0 2023.0 2017.0 2066.0 2038.0 2009.0 2055.0 2079.0 2032.0 2052.0 2005.0 2082.0 2046.0 2055.0 2047.0 1998.0 1979.0 1984.0 2000.0 1983.0 2036.0 2033.0 2051.0 2069.0 2048.0 2056.0 2028.0 1752.0 1264.0 1134.0 1106.0 1073.0 892.0 867.0 877.0 873.0 838.0 837.0 836.0 831.0 835.0 841.0 838.0 829.0 834.0 853.0 874.0 869.0 868.0 845.0 764.0 766.0 865.0 869.0 868.0 868.0 889.0 989.0 1181.0 1307.0 1286.0 1217.0 1194.0 1184.0 1118.0 1115.0 1068.0
2161.0 2168.0 2069.0 2031.0 1866.0 1811.0 2021.0 2209.0 2066.0 1858.0 1819.0 2061.0 1920.0 1834.0 1921.0 2063.0 2046.0 2060.0 2049.0 2060.0 2152.0 2198.0 2071.0 2219.0 2266.0 2072.0 2238.0 2050.0 2126.0 2177.0 1977.0 1839.0 1861.0 2017.0 2080.0 2106.0 1963.0 2006.0 2111.0 1968.0 1506.0 1155.0 1023.0 1043.0 945.0 872.0 859.0 871.0 848.0 828.0 832.0 832.0 821.0 811.0 802.0 812.0 826.0 832.0 835.0 859.0 856.0 810.0 686.0 627.0 642.0 726.0 845.0 865.0 859.0 850.0 872.0 1045.0 1262.0 1280.0 1216.0 1192.0 1181.0 1114.0 1110.0 1065.0
2118.0 2120.0 1926.0 2107.0 2261.0 2261.0 2019.0 2054.0 2052.0 2072.0 2088.0 1884.0 1921.0 1959.0 1917.0 2009.0 2054.0 2210.0 2064.0 1988.0 2062.0 2035.0 1899.0 2066.0 2266.0 2028.0 1931.0 1958.0 2001.0 1975.0 1977.0 1976.0 1982.0 2149.0 2085.0 2053.0 1963.0 2047.0 2081.0 1950.0 1598.0 1155.0 994.0 1016.0 902.0 864.0 856.0 856.0 827.0 821.0 820.0 816.0 807.0 792.0 772.0 769.0 810.0 827.0 835.0 831.0 687.0 608.0 605.0 609.0 616.0 703.0 818.0 846.0 850.0 837.0 837.0 899.0 1153.0 1282.0 1216.0 1193.0 1184.0 1112.0 1113.0 1065.0
1916.0 1918.0 2069.0 2107.0 2469.0 2469.0 2020.0 2054.0 2053.0 1923.0 1819.0 1884.0 1888.0 1834.0 1916.0 2004.0 2026.0 2210.0 2020.0 1805.0 1805.0 1982.0 1917.0 2013.0 2048.0 2043.0 1931.0 1825.0 1994.0 1972.0 1823.0 1839.0 1982.0 2136.0 2034.0 2107.0 2059.0 2073.0 1963.0 1949.0 1919.0 1264.0 992.0 990.0 870.0 843.0 846.0 823.0 812.0 811.0 806.0 802.0 797.0 784.0 765.0 763.0 802.0 827.0 828.0 735.0 594.0 608.0 605.0 608.0 612.0 657.0 671.0 769.0 833.0 832.0 836.0 829.0 1022.0 1402.0 1216.0 1197.0 1184.0 1125.0 1116.0 1064.0
