2371.0 2357.0 2360.0 2528.0 2270.0 2141.0 2268.0 2268.0 2130.0 2107.0 2138.0 2111.0 2412.0 2379.0 2250.0 2260.0 2383.0 2384.0 2302.0 2305.0 2299.0 2310.0 2312.0 2275.0 2417.0 2214.0 2309.0 2412.0 2270.0 2193.0 2296.0 2401.0 2373.0 2310.0 2239.0 2185.0 2227.0 2341.0 2312.0 2286.0 2235.0 2279.0 2342.0 2279.0 2257.0 2267.0 2321.0 2265.0 2249.0 2262.0 2260.0 2283.0 2302.0 2356.0 2329.0 2260.0 2249.0 2259.0 2255.0 2257.0 2258.0 2194.0 2197.0 2222.0 2206.0 2228.0 2251.0 2198.0 2179.0 2248.0 2257.0 2175.0 2169.0 2051.0 2050.0 1923.0 1923.0 1955.0 1839.0 1855.0
2245.0 2510.0 2510.0 2198.0 2217.0 2213.0 2137.0 2300.0 2280.0 2177.0 2079.0 2029.0 2397.0 2167.0 2109.0 2363.0 2311.0 2187.0 2248.0 2356.0 2340.0 2274.0 2340.0 2349.0 2418.0 2241.0 2377.0 2407.0 2288.0 2244.0 2173.0 2253.0 2324.0 2218.0 2185.0 2282.0 2164.0 2309.0 2323.0 2377.0 2361.0 2269.0 2232.0 2255.0 2210.0 2263.0 2263.0 2244.0 2232.0 2257.0 2260.0 2243.0 2261.0 2363.0 2302.0 2242.0 2276.0 2273.0 2195.0 2190.0 2275.0 2254.0 2224.0 2209.0 2201.0 2219.0 2248.0 2250.0 2223.0 2274.0 2276.0 2230.0 2160.0 2097.0 2070.0 1912.0 1898.0 1894.0 1877.0 1822.0
2068.0 2134.0 2201.0 2043.0 2079.0 2346.0 2272.0 2223.0 2280.0 2283.0 2071.0 1904.0 2172.0 2170.0 2065.0 2363.0 2311.0 2207.0 2207.0 2354.0 2351.0 2268.0 2338.0 2409.0 2307.0 2241.0 2317.0 2289.0 2288.0 2277.0 2285.0 2325.0 2317.0 2251.0 2309.0 2282.0 2286.0 2293.0 2322.0 2377.0 2361.0 2262.0 2234.0 2267.0 2209.0 2252.0 2242.0 2261.0 2239.0 2252.0 2258.0 2225.0 2249.0 2268.0 2215.0 2218.0 2258.0 2268.0 2244.0 2197.0 2263.0 2251.0 2222.0 2212.0 2205.0 2219.0 2230.0 2244.0 2222.0 2274.0 2269.0 2240.0 2152.0 2132.0 2041.0 1927.0 1904.0 1905.0 1884.0 1821.0
2277.0 2195.0 2188.0 2043.0 2079.0 2346.0 2582.0 2345.0 2053.0 2034.0 2055.0 2034.0 2184.0 2232.0 2065.0 2160.0 2363.0 2213.0 2195.0 2316.0 2352.0 2231.0 2290.0 2409.0 2301.0 2302.0 2273.0 2306.0 2333.0 2320.0 2315.0 2292.0 2275.0 2254.0 2289.0 2284.0 2294.0 2291.0 2266.0 2276.0 2270.0 2263.0 2266.0 2276.0 2214.0 2220.0 2238.0 2289.0 2245.0 2232.0 2228.0 2226.0 2256.0 2242.0 2220.0 2228.0 2229.0 2265.0 2295.0 2234.0 2219.0 2219.0 2219.0 2234.0 2213.0 2223.0 2231.0 2237.0 2170.0 2175.0 2222.0 2235.0 2145.0 2134.0 2015.0 1956.0 1906.0 1920.0 1879.0 1825.0
2339.0 2309.0 2219.0 2257.0 2251.0 2078.0 2585.0 2398.0 2053.0 2034.0 2025.0 2037.0 2186.0 2275.0 2262.0 2235.0 2362.0 2197.0 2179.0 2238.0 2225.0 2250.0 2268.0 2365.0 2316.0 2292.0 2288.0 2141.0 2181.0 2275.0 2288.0 2283.0 2306.0 2285.0 2292.0 2281.0 2284.0 2268.0 2241.0 2251.0 2223.0 2261.0 2275.0 2272.0 2209.0 2221.0 2249.0 2283.0 2267.0 2261.0 2250.0 2272.0 2294.0 2277.0 2261.0 2234.0 2237.0 2266.0 2326.0 2269.0 2254.0 2233.0 2219.0 2235.0 2205.0 2217.0 2222.0 2209.0 2171.0 2182.0 2212.0 2191.0 2173.0 2133.0 2008.0 1998.0 1929.0 1918.0 1888.0 1811.0
2199.0 2202.0 2148.0 2245.0 2435.0 2296.0 2652.0 2699.0 2433.0 2308.0 2068.0 2088.0 2309.0 2402.0 2306.0 2423.0 2253.0 2216.0 2179.0 2197.0 2227.0 2186.0 2352.0 2271.0 2217.0 2276.0 2291.0 2262.0 2181.0 2278.0 2293.0 2269.0 2275.0 2274.0 2292.0 2279.0 2294.0 2297.0 2249.0 2257.0 2204.0 2235.0 2263.0 2255.0 2236.0 2235.0 2238.0 2289.0 2293.0 2296.0 2289.0 2247.0 2255.0 2270.0 2226.0 2233.0 2250.0 2236.0 2223.0 2231.0 2208.0 2245.0 2268.0 2235.0 2203.0 2178.0 2219.0 2235.0 2175.0 2224.0 2254.0 2219.0 2170.0 2138.0 2028.0 2000.0 1929.0 1854.0 1879.0 1751.0
1977.0 1984.0 2143.0 2246.0 2250.0 2019.0 2320.0 2412.0 2362.0 2325.0 2103.0 2090.0 2312.0 2490.0 2213.0 2245.0 2230.0 2214.0 2264.0 2226.0 2088.0 2145.0 2219.0 2082.0 2282.0 2293.0 2263.0 2298.0 2347.0 2303.0 2231.0 2282.0 2256.0 2250.0 2248.0 2281.0 2288.0 2294.0 2260.0 2271.0 2236.0 2262.0 2286.0 2252.0 2247.0 2235.0 2244.0 2290.0 2267.0 2254.0 2249.0 2233.0 2262.0 2271.0 2251.0 2227.0 2246.0 2290.0 2299.0 2242.0 2210.0 2252.0 2270.0 2239.0 2190.0 2218.0 2212.0 2180.0 2207.0 2206.0 2217.0 2211.0 2137.0 2129.0 2009.0 1977.0 1919.0 1842.0 1845.0 1741.0
2334.0 2179.0 2214.0 2348.0 2435.0 2318.0 2339.0 2405.0 2427.0 2307.0 2103.0 2104.0 2292.0 2281.0 2247.0 2221.0 2271.0 2214.0 2174.0 2223.0 2313.0 2290.0 2242.0 2245.0 2220.0 2274.0 2258.0 2287.0 2349.0 2329.0 2290.0 2281.0 2279.0 2273.0 2219.0 2281.0 2278.0 2254.0 2249.0 2265.0 2290.0 2284.0 2296.0 2254.0 2215.0 2235.0 2253.0 2241.0 2242.0 2280.0 2298.0 2290.0 2288.0 2270.0 2213.0 2177.0 2227.0 2294.0 2229.0 2207.0 2202.0 2264.0 2226.0 2178.0 2206.0 2211.0 2209.0 2182.0 2198.0 2206.0 2176.0 2175.0 2147.0 2131.0 2048.0 2000.0 1934.0 1852.0 1841.0 1740.0
2215.0 2321.0 2370.0 2349.0 2248.0 2315.0 2341.0 2393.0 2470.0 2305.0 2120.0 2247.0 2487.0 2400.0 2309.0 2229.0 2299.0 2296.0 2266.0 2299.0 2298.0 2268.0 2265.0 2247.0 2274.0 2283.0 2260.0 2263.0 2317.0 2327.0 2294.0 2267.0 2303.0 2283.0 2246.0 2279.0 2288.0 2267.0 2262.0 2273.0 2289.0 2263.0 2283.0 2243.0 2208.0 2217.0 2219.0 2226.0 2270.0 2271.0 2262.0 2291.0 2286.0 2260.0 2291.0 2292.0 2226.0 2229.0 2248.0 2234.0 2198.0 2257.0 2279.0 2198.0 2170.0 2187.0 2219.0 2236.0 2202.0 2171.0 2197.0 2203.0 2164.0 2118.0 1998.0 1905.0 1891.0 1877.0 1840.0 1740.0
2220.0 2168.0 2149.0 2240.0 2078.0 2164.0 2238.0 2226.0 2224.0 2267.0 2219.0 2243.0 2331.0 2491.0 2269.0 2211.0 2310.0 2331.0 2276.0 2296.0 2222.0 2182.0 2275.0 2255.0 2273.0 2276.0 2261.0 2270.0 2317.0 2322.0 2231.0 2266.0 2272.0 2285.0 2281.0 2262.0 2274.0 2280.0 2282.0 2285.0 2288.0 2281.0 2307.0 2300.0 2255.0 2242.0 2262.0 2283.0 2251.0 2258.0 2292.0 2293.0 2240.0 2274.0 2306.0 2293.0 2269.0 2274.0 2243.0 2224.0 2196.0 2252.0 2279.0 2237.0 2195.0 2187.0 2203.0 2181.0 2194.0 2171.0 2179.0 2203.0 2156.0 2120.0 2034.0 1991.0 1933.0 1841.0 1828.0 1767.0
2488.0 2377.0 2238.0 2219.0 2048.0 2055.0 2226.0 2226.0 2086.0 2220.0 2301.0 2325.0 2285.0 2295.0 2295.0 2281.0 2310.0 2296.0 2257.0 2299.0 2356.0 2391.0 2282.0 2256.0 2302.0 2271.0 2258.0 2290.0 2317.0 2328.0 2231.0 2279.0 2298.0 2308.0 2244.0 2259.0 2279.0 2273.0 2285.0 2286.0 2264.0 2256.0 2290.0 2313.0 2256.0 2227.0 2246.0 2237.0 2242.0 2224.0 2240.0 2292.0 2281.0 2253.0 2204.0 2220.0 2241.0 2250.0 2233.0 2219.0 2239.0 2249.0 2232.0 2267.0 2207.0 2189.0 2181.0 2185.0 2202.0 2200.0 2212.0 2201.0 2154.0 2103.0 2047.0 1988.0 1929.0 1839.0 1811.0 1761.0
2298.0 2377.0 2372.0 2262.0 2078.0 2064.0 2244.0 2517.0 2086.0 2112.0 2212.0 2245.0 2194.0 2282.0 2296.0 2284.0 2306.0 2296.0 2261.0 2288.0 2358.0 2393.0 2252.0 2260.0 2324.0 2282.0 2255.0 2270.0 2284.0 2321.0 2289.0 2265.0 2304.0 2302.0 2229.0 2261.0 2298.0 2255.0 2268.0 2274.0 2296.0 2295.0 2307.0 2318.0 2258.0 2237.0 2251.0 2261.0 2279.0 2261.0 2216.0 2227.0 2281.0 2262.0 2211.0 2211.0 2220.0 2230.0 2221.0 2218.0 2221.0 2227.0 2224.0 2240.0 2209.0 2188.0 2179.0 2187.0 2223.0 2214.0 2211.0 2202.0 2172.0 2120.0 2038.0 1995.0 1934.0 1886.0 1850.0 1757.0
2134.0 2158.0 2248.0 2274.0 2227.0 2165.0 2239.0 2484.0 2224.0 2220.0 2239.0 2248.0 2266.0 2242.0 2298.0 2373.0 2381.0 2330.0 2265.0 2286.0 2299.0 2293.0 2267.0 2261.0 2281.0 2280.0 2260.0 2259.0 2258.0 2248.0 2299.0 2231.0 2210.0 2301.0 2242.0 2254.0 2277.0 2245.0 2248.0 2267.0 2263.0 2263.0 2248.0 2239.0 2258.0 2236.0 2241.0 2250.0 2247.0 2259.0 2273.0 2281.0 2239.0 2270.0 2267.0 2222.0 2223.0 2255.0 2248.0 2212.0 2189.0 2212.0 2222.0 2233.0 2211.0 2190.0 2231.0 2253.0 2200.0 2132.0 2124.0 2171.0 2165.0 2121.0 2053.0 1906.0 1896.0 1845.0 1829.0 1734.0
2237.0 2268.0 2272.0 2256.0 2317.0 2271.0 2253.0 2371.0 2369.0 2274.0 2255.0 2318.0 2294.0 2293.0 2268.0 2314.0 2343.0 2295.0 2257.0 2292.0 2296.0 2331.0 2296.0 2252.0 2265.0 2256.0 2245.0 2248.0 2183.0 2236.0 2276.0 2265.0 2268.0 2246.0 2245.0 2256.0 2243.0 2259.0 2239.0 2271.0 2315.0 2275.0 2272.0 2304.0 2258.0 2232.0 2227.0 2234.0 2244.0 2221.0 2207.0 2222.0 2229.0 2219.0 2309.0 2283.0 2217.0 2228.0 2224.0 2219.0 2221.0 2237.0 2274.0 2257.0 2197.0 2195.0 2238.0 2259.0 2200.0 2148.0 2127.0 2168.0 2180.0 2124.0 2060.0 1988.0 1939.0 1873.0 1839.0 1740.0
2364.0 2401.0 2413.0 2244.0 2309.0 2366.0 2361.0 2510.0 2510.0 2342.0 2208.0 2196.0 2188.0 2248.0 2279.0 2268.0 2238.0 2230.0 2253.0 2288.0 2292.0 2341.0 2303.0 2251.0 2271.0 2278.0 2232.0 2177.0 2183.0 2281.0 2307.0 2333.0 2237.0 2246.0 2326.0 2245.0 2233.0 2255.0 2246.0 2248.0 2317.0 2311.0 2306.0 2316.0 2254.0 2228.0 2245.0 2254.0 2240.0 2258.0 2232.0 2220.0 2198.0 2199.0 2248.0 2279.0 2243.0 2249.0 2227.0 2227.0 2207.0 2227.0 2253.0 2233.0 2199.0 2215.0 2236.0 2196.0 2184.0 2187.0 2213.0 2200.0 2156.0 2107.0 2068.0 1989.0 1936.0 1882.0 1843.0 1772.0
2432.0 2244.0 2259.0 2252.0 2206.0 2268.0 2364.0 2277.0 2343.0 2337.0 2234.0 2195.0 2237.0 2298.0 2258.0 2265.0 2240.0 2229.0 2260.0 2278.0 2306.0 2293.0 2305.0 2272.0 2267.0 2250.0 2231.0 2277.0 2276.0 2280.0 2251.0 2219.0 2215.0 2254.0 2321.0 2249.0 2241.0 2254.0 2294.0 2261.0 2252.0 2257.0 2245.0 2243.0 2249.0 2238.0 2260.0 2262.0 2244.0 2259.0 2236.0 2215.0 2202.0 2209.0 2238.0 2252.0 2265.0 2263.0 2217.0 2185.0 2196.0 2226.0 2240.0 2231.0 2213.0 2224.0 2231.0 2196.0 2223.0 2222.0 2207.0 2169.0 2156.0 2117.0 2058.0 1986.0 1931.0 1878.0 1848.0 1767.0
2234.0 1971.0 1971.0 2323.0 2330.0 2265.0 2377.0 2312.0 2328.0 2351.0 2325.0 2249.0 2253.0 2303.0 2240.0 2285.0 2343.0 2292.0 2349.0 2286.0 2353.0 2346.0 2279.0 2268.0 2262.0 2246.0 2240.0 2241.0 2269.0 2233.0 2304.0 2205.0 2211.0 2247.0 2291.0 2243.0 2225.0 2246.0 2237.0 2243.0 2255.0 2253.0 2259.0 2238.0 2225.0 2239.0 2243.0 2247.0 2246.0 2260.0 2236.0 2218.0 2225.0 2219.0 2250.0 2228.0 2237.0 2254.0 2224.0 2218.0 2212.0 2229.0 2256.0 2230.0 2204.0 2212.0 2218.0 2226.0 2204.0 2183.0 2209.0 2196.0 2158.0 2117.0 2061.0 1981.0 1929.0 1873.0 1831.0 1737.0
2375.0 2247.0 2110.0 2214.0 2201.0 2209.0 2272.0 2298.0 2331.0 2319.0 2284.0 2314.0 2249.0 2238.0 2244.0 2303.0 2354.0 2362.0 2371.0 2371.0 2323.0 2338.0 2278.0 2244.0 2281.0 2272.0 2228.0 2237.0 2269.0 2300.0 2204.0 2204.0 2316.0 2256.0 2274.0 2253.0 2231.0 2248.0 2242.0 2262.0 2252.0 2249.0 2244.0 2244.0 2248.0 2234.0 2256.0 2257.0 2238.0 2218.0 2227.0 2212.0 2215.0 2197.0 2203.0 2226.0 2242.0 2247.0 2214.0 2213.0 2221.0 2235.0 2231.0 2228.0 2217.0 2210.0 2204.0 2203.0 2194.0 2204.0 2210.0 2173.0 2158.0 2117.0 2069.0 1988.0 1933.0 1873.0 1839.0 1766.0
2446.0 2648.0 2274.0 2312.0 2284.0 2231.0 2268.0 2273.0 2327.0 2311.0 2257.0 2315.0 2267.0 2243.0 2272.0 2294.0 2285.0 2299.0 2342.0 2293.0 2292.0 2228.0 2225.0 2278.0 2342.0 2344.0 2227.0 2176.0 2233.0 2231.0 2304.0 2316.0 2234.0 2250.0 2277.0 2245.0 2242.0 2251.0 2246.0 2239.0 2251.0 2249.0 2239.0 2239.0 2240.0 2237.0 2245.0 2265.0 2256.0 2262.0 2236.0 2210.0 2213.0 2220.0 2206.0 2237.0 2246.0 2242.0 2208.0 2203.0 2216.0 2228.0 2234.0 2229.0 2216.0 2216.0 2217.0 2200.0 2183.0 2215.0 2208.0 2172.0 2152.0 2108.0 2009.0 1968.0 1922.0 1875.0 1842.0 1753.0
2253.0 2540.0 2306.0 2428.0 2385.0 2313.0 2377.0 2342.0 2333.0 2354.0 2345.0 2208.0 2204.0 2244.0 2328.0 2325.0 2324.0 2350.0 2361.0 2373.0 2327.0 2276.0 2278.0 2295.0 2294.0 2271.0 2236.0 2237.0 2226.0 2262.0 2219.0 2311.0 2221.0 2232.0 2273.0 2266.0 2274.0 2254.0 2302.0 2275.0 2248.0 2245.0 2245.0 2239.0 2240.0 2247.0 2241.0 2247.0 2247.0 2226.0 2226.0 2227.0 2243.0 2223.0 2201.0 2224.0 2240.0 2245.0 2214.0 2200.0 2207.0 2226.0 2218.0 2224.0 2215.0 2215.0 2229.0 2217.0 2189.0 2203.0 2204.0 2179.0 2147.0 2110.0 2018.0 1964.0 1906.0 1870.0 1843.0 1756.0
2369.0 2237.0 2250.0 2315.0 2341.0 2316.0 2362.0 2355.0 2319.0 2274.0 2252.0 2215.0 2281.0 2295.0 2315.0 2302.0 2286.0 2303.0 2288.0 2238.0 2356.0 2356.0 2303.0 2301.0 2291.0 2286.0 2288.0 2235.0 2321.0 2231.0 2222.0 2273.0 2316.0 2274.0 2282.0 2275.0 2275.0 2249.0 2232.0 2241.0 2256.0 2251.0 2243.0 2240.0 2241.0 2239.0 2257.0 2267.0 2245.0 2244.0 2224.0 2221.0 2235.0 2223.0 2200.0 2217.0 2246.0 2244.0 2214.0 2217.0 2222.0 2230.0 2211.0 2216.0 2217.0 2211.0 2211.0 2200.0 2197.0 2208.0 2208.0 2185.0 2156.0 2113.0 2020.0 1963.0 1894.0 1855.0 1827.0 1736.0
2542.0 2197.0 2233.0 2238.0 2272.0 2316.0 2220.0 2368.0 2355.0 2271.0 2249.0 2217.0 2407.0 2314.0 2326.0 2340.0 2324.0 2197.0 2217.0 2216.0 2198.0 2151.0 2189.0 2236.0 2276.0 2274.0 2291.0 2301.0 2182.0 2233.0 2281.0 2164.0 2217.0 2258.0 2270.0 2248.0 2260.0 2253.0 2225.0 2246.0 2263.0 2245.0 2241.0 2251.0 2245.0 2230.0 2222.0 2223.0 2241.0 2266.0 2225.0 2227.0 2245.0 2229.0 2229.0 2220.0 2248.0 2242.0 2235.0 2230.0 2224.0 2225.0 2217.0 2215.0 2206.0 2205.0 2163.0 2157.0 2191.0 2206.0 2145.0 2178.0 2160.0 2110.0 2074.0 1963.0 1889.0 1865.0 1832.0 1742.0
2351.0 2197.0 2296.0 2255.0 2265.0 2320.0 2381.0 2371.0 2365.0 2286.0 2163.0 2164.0 2261.0 2244.0 2274.0 2304.0 2285.0 2227.0 2336.0 2241.0 2248.0 2236.0 2226.0 2242.0 2264.0 2241.0 2249.0 2302.0 2315.0 2229.0 2282.0 2163.0 2219.0 2255.0 2259.0 2281.0 2280.0 2252.0 2227.0 2241.0 2247.0 2238.0 2237.0 2244.0 2244.0 2243.0 2214.0 2219.0 2228.0 2222.0 2217.0 2210.0 2234.0 2227.0 2239.0 2223.0 2246.0 2237.0 2242.0 2231.0 2220.0 2229.0 2216.0 2214.0 2197.0 2212.0 2194.0 2181.0 2197.0 2201.0 2192.0 2181.0 2143.0 2106.0 2080.0 1959.0 1891.0 1878.0 1841.0 1747.0
2398.0 2367.0 2401.0 2421.0 2345.0 2225.0 2367.0 2359.0 2299.0 2261.0 2241.0 2195.0 2239.0 2202.0 2310.0 2322.0 2243.0 2311.0 2284.0 2210.0 2251.0 2241.0 2246.0 2283.0 2297.0 2268.0 2242.0 2274.0 2309.0 2282.0 2224.0 2237.0 2190.0 2253.0 2256.0 2285.0 2263.0 2244.0 2253.0 2279.0 2261.0 2245.0 2243.0 2251.0 2242.0 2217.0 2207.0 2238.0 2232.0 2226.0 2228.0 2228.0 2222.0 2224.0 2225.0 2216.0 2217.0 2228.0 2234.0 2230.0 2225.0 2226.0 2209.0 2196.0 2193.0 2199.0 2190.0 2192.0 2200.0 2200.0 2204.0 2181.0 2120.0 2106.0 2053.0 1952.0 1896.0 1874.0 1828.0 1738.0
2517.0 2245.0 2382.0 2247.0 2169.0 2233.0 2214.0 2285.0 2367.0 2343.0 2284.0 2218.0 2252.0 2195.0 2227.0 2297.0 2243.0 2233.0 2274.0 2166.0 2258.0 2237.0 2247.0 2279.0 2297.0 2273.0 2232.0 2304.0 2311.0 2281.0 2224.0 2250.0 2212.0 2251.0 2242.0 2255.0 2257.0 2247.0 2246.0 2248.0 2265.0 2255.0 2242.0 2250.0 2246.0 2220.0 2223.0 2246.0 2236.0 2242.0 2246.0 2236.0 2215.0 2232.0 2241.0 2217.0 2211.0 2220.0 2238.0 2229.0 2216.0 2182.0 2189.0 2172.0 2191.0 2190.0 2170.0 2176.0 2190.0 2169.0 2144.0 2178.0 2150.0 2108.0 2041.0 1946.0 1900.0 1875.0 1828.0 1747.0
2174.0 2371.0 2380.0 2243.0 2171.0 2247.0 2393.0 2370.0 2181.0 2058.0 2174.0 2218.0 2223.0 2208.0 2305.0 2306.0 2239.0 2312.0 2332.0 2215.0 2248.0 2237.0 2249.0 2251.0 2282.0 2283.0 2242.0 2257.0 2246.0 2281.0 2242.0 2255.0 2228.0 2253.0 2253.0 2250.0 2250.0 2241.0 2215.0 2243.0 2265.0 2249.0 2238.0 2251.0 2254.0 2232.0 2224.0 2238.0 2225.0 2206.0 2226.0 2233.0 2216.0 2227.0 2244.0 2217.0 2215.0 2229.0 2234.0 2214.0 2142.0 2178.0 2201.0 2166.0 2193.0 2197.0 2196.0 2177.0 2163.0 2135.0 2121.0 2105.0 2068.0 2093.0 2058.0 1953.0 1935.0 1883.0 1827.0 1745.0
2280.0 2121.0 2311.0 2269.0 2172.0 2237.0 2283.0 2303.0 2289.0 2227.0 2157.0 2282.0 2237.0 2211.0 2238.0 2252.0 2227.0 2228.0 2239.0 2244.0 2259.0 2236.0 2246.0 2250.0 2256.0 2254.0 2225.0 2235.0 2241.0 2293.0 2196.0 2241.0 2213.0 2243.0 2247.0 2235.0 2248.0 2246.0 2245.0 2244.0 2244.0 2246.0 2243.0 2242.0 2241.0 2251.0 2251.0 2251.0 2233.0 2208.0 2223.0 2214.0 2216.0 2220.0 2218.0 2215.0 2214.0 2198.0 2205.0 2200.0 2142.0 2189.0 2175.0 2160.0 2190.0 2187.0 2191.0 2180.0 2163.0 2144.0 2137.0 2071.0 2034.0 2086.0 2039.0 1944.0 1951.0 1940.0 1878.0 1784.0
2517.0 2269.0 2381.0 2414.0 2355.0 2326.0 2410.0 2437.0 2418.0 2342.0 2170.0 2275.0 2312.0 2213.0 2223.0 2261.0 2238.0 2208.0 2272.0 2253.0 2284.0 2235.0 2252.0 2242.0 2222.0 2265.0 2230.0 2238.0 2235.0 2336.0 2197.0 2227.0 2186.0 2241.0 2242.0 2242.0 2233.0 2237.0 2251.0 2245.0 2240.0 2252.0 2241.0 2225.0 2247.0 2260.0 2250.0 2252.0 2230.0 2207.0 2222.0 2206.0 2218.0 2215.0 2214.0 2212.0 2201.0 2184.0 2210.0 2209.0 2201.0 2203.0 2180.0 2175.0 2193.0 2190.0 2190.0 2184.0 2171.0 2155.0 2145.0 2125.0 2054.0 2054.0 2026.0 1931.0 1936.0 1944.0 1893.0 1787.0
2515.0 2422.0 2383.0 2434.0 2486.0 2324.0 2397.0 2397.0 2378.0 2236.0 2039.0 2269.0 2350.0 2228.0 2226.0 2269.0 2266.0 2251.0 2269.0 2200.0 2246.0 2233.0 2253.0 2242.0 2227.0 2258.0 2217.0 2256.0 2253.0 2275.0 2201.0 2250.0 2192.0 2241.0 2235.0 2247.0 2238.0 2233.0 2244.0 2233.0 2229.0 2250.0 2238.0 2231.0 2261.0 2260.0 2248.0 2253.0 2219.0 2205.0 2223.0 2215.0 2222.0 2214.0 2213.0 2209.0 2207.0 2192.0 2212.0 2212.0 2201.0 2196.0 2200.0 2205.0 2199.0 2201.0 2203.0 2199.0 2171.0 2163.0 2140.0 2099.0 2012.0 2010.0 2030.0 1913.0 1882.0 1861.0 1823.0 1759.0
2374.0 2202.0 2277.0 2411.0 2486.0 2318.0 2392.0 2414.0 2396.0 2233.0 2039.0 2185.0 2304.0 2250.0 2236.0 2266.0 2302.0 2247.0 2271.0 2220.0 2247.0 2293.0 2254.0 2240.0 2251.0 2260.0 2232.0 2270.0 2244.0 2231.0 2240.0 2256.0 2204.0 2234.0 2243.0 2245.0 2242.0 2239.0 2210.0 2188.0 2225.0 2238.0 2238.0 2247.0 2250.0 2228.0 2245.0 2253.0 2224.0 2207.0 2222.0 2232.0 2223.0 2213.0 2211.0 2203.0 2212.0 2195.0 2198.0 2204.0 2201.0 2191.0 2202.0 2206.0 2198.0 2203.0 2207.0 2207.0 2158.0 2127.0 2104.0 2022.0 1982.0 1968.0 1969.0 1874.0 1854.0 1838.0 1823.0 1793.0
2374.0 2201.0 2277.0 2295.0 2360.0 2332.0 2398.0 2440.0 2409.0 2228.0 2160.0 2184.0 2306.0 2333.0 2258.0 2269.0 2317.0 2205.0 2261.0 2269.0 2289.0 2295.0 2247.0 2237.0 2300.0 2306.0 2258.0 2269.0 2261.0 2243.0 2250.0 2249.0 2213.0 2226.0 2249.0 2244.0 2234.0 2235.0 2201.0 2201.0 2240.0 2240.0 2240.0 2245.0 2225.0 2223.0 2210.0 2222.0 2220.0 2209.0 2219.0 2218.0 2224.0 2213.0 2210.0 2192.0 2195.0 2191.0 2191.0 2197.0 2200.0 2196.0 2205.0 2201.0 2187.0 2205.0 2217.0 2217.0 2162.0 2109.0 2105.0 2048.0 2005.0 1963.0 1947.0 1867.0 1848.0 1842.0 1820.0 1789.0
2347.0 2409.0 2283.0 2166.0 2207.0 2323.0 2313.0 2384.0 2298.0 2197.0 2192.0 2259.0 2305.0 2332.0 2267.0 2268.0 2299.0 2215.0 2203.0 2253.0 2260.0 2229.0 2213.0 2239.0 2300.0 2296.0 2248.0 2290.0 2264.0 2246.0 2238.0 2221.0 2211.0 2209.0 2237.0 2244.0 2235.0 2223.0 2223.0 2235.0 2240.0 2239.0 2236.0 2236.0 2218.0 2223.0 2208.0 2209.0 2213.0 2215.0 2214.0 2199.0 2221.0 2214.0 2209.0 2186.0 2187.0 2192.0 2194.0 2198.0 2200.0 2198.0 2205.0 2202.0 2185.0 2198.0 2208.0 2211.0 2172.0 2115.0 2112.0 2097.0 2073.0 2009.0 1996.0 1928.0 1873.0 1850.0 1818.0 1753.0
2079.0 2199.0 2126.0 2142.0 2213.0 2261.0 2270.0 2299.0 2277.0 2216.0 2256.0 2188.0 2175.0 2202.0 2243.0 2265.0 2266.0 2262.0 2225.0 2230.0 2172.0 2189.0 2217.0 2234.0 2227.0 2253.0 2212.0 2280.0 2170.0 2237.0 2237.0 2211.0 2188.0 2204.0 2234.0 2239.0 2233.0 2205.0 2221.0 2229.0 2221.0 2230.0 2234.0 2241.0 2220.0 2216.0 2227.0 2212.0 2214.0 2217.0 2204.0 2198.0 2195.0 2211.0 2210.0 2186.0 2188.0 2188.0 2185.0 2199.0 2200.0 2196.0 2204.0 2210.0 2200.0 2146.0 2139.0 2157.0 2149.0 2105.0 2101.0 2092.0 2086.0 2076.0 2026.0 1940.0 1884.0 1851.0 1828.0 1792.0
2164.0 2197.0 2091.0 2035.0 2063.0 2283.0 2319.0 2219.0 2277.0 2319.0 2196.0 2115.0 2074.0 2198.0 2249.0 2272.0 2309.0 2262.0 2202.0 2271.0 2189.0 2220.0 2239.0 2235.0 2229.0 2245.0 2177.0 2172.0 2175.0 2240.0 2250.0 2249.0 2198.0 2223.0 2232.0 2234.0 2201.0 2201.0 2221.0 2227.0 2228.0 2231.0 2227.0 2237.0 2226.0 2219.0 2235.0 2226.0 2227.0 2213.0 2207.0 2190.0 2173.0 2205.0 2206.0 2187.0 2188.0 2171.0 2181.0 2193.0 2200.0 2194.0 2201.0 2202.0 2161.0 2140.0 2138.0 2124.0 2128.0 2119.0 2099.0 2101.0 2104.0 2086.0 2037.0 1933.0 1861.0 1849.0 1851.0 1816.0
2567.0 2168.0 2125.0 2035.0 2063.0 2135.0 2130.0 2120.0 2160.0 2215.0 2196.0 2185.0 2032.0 2086.0 2235.0 2277.0 2281.0 2300.0 2150.0 2187.0 2265.0 2302.0 2237.0 2282.0 2303.0 2244.0 2246.0 2172.0 2185.0 2265.0 2237.0 2238.0 2227.0 2202.0 2240.0 2242.0 2204.0 2194.0 2224.0 2234.0 2227.0 2218.0 2217.0 2232.0 2223.0 2217.0 2234.0 2230.0 2221.0 2216.0 2207.0 2180.0 2170.0 2185.0 2187.0 2183.0 2190.0 2186.0 2182.0 2191.0 2197.0 2190.0 2142.0 2123.0 2138.0 2142.0 2140.0 2121.0 2119.0 2115.0 2111.0 2106.0 2104.0 2086.0 2030.0 1938.0 1888.0 1871.0 1850.0 1783.0
2173.0 2192.0 2120.0 2142.0 2199.0 2135.0 2130.0 2166.0 2266.0 2310.0 2305.0 2111.0 2028.0 2091.0 2298.0 2357.0 2261.0 2263.0 2155.0 2218.0 2167.0 2222.0 2213.0 2240.0 2278.0 2188.0 2175.0 2175.0 2179.0 2240.0 2236.0 2219.0 2215.0 2175.0 2238.0 2257.0 2219.0 2191.0 2218.0 2227.0 2197.0 2199.0 2220.0 2234.0 2212.0 2214.0 2236.0 2223.0 2201.0 2205.0 2206.0 2189.0 2180.0 2183.0 2183.0 2172.0 2174.0 2164.0 2181.0 2192.0 2156.0 2134.0 2130.0 2120.0 2157.0 2153.0 2138.0 2140.0 2113.0 2100.0 2119.0 2102.0 2104.0 2090.0 2017.0 1939.0 1900.0 1873.0 1839.0 1752.0
2382.0 2447.0 2133.0 2148.0 2418.0 2794.0 2464.0 2299.0 2226.0 2211.0 2289.0 2157.0 2187.0 2303.0 2343.0 2358.0 2306.0 2134.0 2054.0 2120.0 2209.0 2201.0 2220.0 2230.0 2215.0 2175.0 2170.0 2210.0 2131.0 2163.0 2234.0 2198.0 2177.0 2187.0 2175.0 2225.0 2167.0 2200.0 2218.0 2197.0 2195.0 2195.0 2211.0 2210.0 2209.0 2215.0 2219.0 2213.0 2197.0 2180.0 2200.0 2198.0 2190.0 2186.0 2183.0 2155.0 2150.0 2136.0 2178.0 2197.0 2145.0 2116.0 2141.0 2126.0 2152.0 2145.0 2137.0 2116.0 2095.0 2097.0 2096.0 2095.0 2104.0 2088.0 2018.0 1939.0 1897.0 1856.0 1832.0 1761.0
2164.0 2303.0 2273.0 2308.0 2361.0 2371.0 2316.0 2125.0 2149.0 2212.0 2214.0 2346.0 2356.0 2303.0 2251.0 2255.0 2242.0 2303.0 2201.0 2184.0 2197.0 2204.0 2251.0 2258.0 2210.0 2256.0 2289.0 2185.0 2192.0 2239.0 2271.0 2065.0 2177.0 2254.0 2204.0 2180.0 2189.0 2200.0 2212.0 2185.0 2175.0 2204.0 2240.0 2224.0 2209.0 2211.0 2221.0 2219.0 2197.0 2194.0 2206.0 2192.0 2181.0 2188.0 2181.0 2155.0 2163.0 2153.0 2175.0 2186.0 2142.0 2121.0 2121.0 2111.0 2090.0 2039.0 2022.0 2010.0 2038.0 2002.0 2062.0 2046.0 1996.0 2058.0 1979.0 1905.0 1892.0 1855.0 1819.0 1747.0
2129.0 2248.0 2309.0 2191.0 2189.0 2302.0 2225.0 2116.0 2261.0 2304.0 2115.0 2114.0 2267.0 2005.0 2007.0 2127.0 2114.0 2154.0 2195.0 2190.0 2229.0 2146.0 2231.0 2228.0 2122.0 2167.0 2201.0 2159.0 2197.0 2298.0 2265.0 2167.0 2177.0 2253.0 2239.0 2176.0 2169.0 2197.0 2220.0 2182.0 2178.0 2233.0 2251.0 2237.0 2230.0 2210.0 2216.0 2216.0 2201.0 2198.0 2192.0 2204.0 2189.0 2191.0 2179.0 2149.0 2166.0 2186.0 2177.0 2172.0 2159.0 2162.0 2063.0 2019.0 1983.0 1871.0 1865.0 1855.0 1848.0 1847.0 1849.0 1840.0 1834.0 1833.0 1825.0 1806.0 1800.0 1823.0 1782.0 1733.0
2327.0 2305.0 2426.0 2312.0 2303.0 2303.0 2464.0 2083.0 2121.0 2211.0 2143.0 2224.0 2266.0 2194.0 2254.0 2271.0 2248.0 2156.0 2177.0 2239.0 2232.0 2159.0 2203.0 2235.0 2228.0 2222.0 2210.0 2170.0 2127.0 2239.0 2271.0 2301.0 2197.0 2238.0 2193.0 2184.0 2167.0 2183.0 2212.0 2201.0 2197.0 2199.0 2197.0 2201.0 2204.0 2185.0 2211.0 2216.0 2194.0 2188.0 2165.0 2182.0 2185.0 2184.0 2177.0 2158.0 2152.0 2144.0 2177.0 2174.0 2117.0 2114.0 2048.0 2026.0 1974.0 1855.0 1720.0 1665.0 1674.0 1665.0 1665.0 1664.0 1665.0 1663.0 1663.0 1662.0 1662.0 1644.0 1625.0 1677.0
2381.0 2221.0 2145.0 2247.0 2325.0 2284.0 2180.0 1951.0 1997.0 2182.0 2212.0 2221.0 2365.0 2195.0 2164.0 2167.0 2165.0 2155.0 2253.0 2125.0 2377.0 2256.0 2198.0 2216.0 2259.0 2300.0 2221.0 2208.0 2199.0 2168.0 2277.0 2167.0 2220.0 2232.0 2170.0 2127.0 2158.0 2199.0 2214.0 2242.0 2197.0 2185.0 2200.0 2223.0 2210.0 2168.0 2154.0 2173.0 2182.0 2173.0 2175.0 2159.0 2134.0 2175.0 2180.0 2190.0 2163.0 2127.0 2160.0 2126.0 2113.0 2113.0 2087.0 2030.0 1975.0 1858.0 1719.0 1636.0 1593.0 1532.0 1483.0 1447.0 1511.0 1511.0 1507.0 1507.0 1509.0 1501.0 1492.0 1487.0
2325.0 2177.0 1918.0 2158.0 2322.0 2372.0 2181.0 2068.0 2049.0 2082.0 2127.0 2142.0 2339.0 2387.0 2392.0 2377.0 2258.0 2156.0 2141.0 2224.0 2377.0 2276.0 2232.0 2212.0 2220.0 2304.0 2301.0 2208.0 2188.0 2306.0 2296.0 2215.0 2238.0 2243.0 2163.0 2173.0 2172.0 2149.0 2154.0 2171.0 2165.0 2217.0 2247.0 2212.0 2207.0 2177.0 2152.0 2201.0 2198.0 2170.0 2161.0 2152.0 2133.0 2161.0 2170.0 2192.0 2183.0 2142.0 2117.0 2115.0 2122.0 2125.0 2083.0 2009.0 1954.0 1859.0 1703.0 1632.0 1593.0 1532.0 1459.0 1410.0 1365.0 1331.0 1386.0 1389.0 1388.0 1394.0 1372.0 1291.0
2391.0 2405.0 2310.0 2180.0 2295.0 2385.0 2219.0 2228.0 2066.0 2029.0 2032.0 2086.0 2382.0 2386.0 2392.0 2378.0 2298.0 2161.0 2141.0 2248.0 2229.0 2277.0 2213.0 2197.0 2224.0 2218.0 2173.0 2224.0 2201.0 2237.0 2168.0 2166.0 2177.0 2160.0 2179.0 2176.0 2162.0 2161.0 2233.0 2240.0 2203.0 2185.0 2185.0 2199.0 2207.0 2182.0 2157.0 2201.0 2199.0 2173.0 2161.0 2148.0 2130.0 2141.0 2144.0 2133.0 2116.0 2086.0 2098.0 2137.0 2120.0 2103.0 2035.0 2000.0 1949.0 1851.0 1697.0 1637.0 1598.0 1524.0 1459.0 1402.0 1358.0 1308.0 1277.0 1249.0 1228.0 1253.0 1244.0 1291.0
2327.0 2407.0 2410.0 2076.0 2085.0 2133.0 2086.0 2275.0 2127.0 2075.0 2090.0 2160.0 2333.0 2283.0 2277.0 2278.0 2266.0 2256.0 2255.0 2235.0 2221.0 2248.0 2239.0 2214.0 2202.0 2215.0 2177.0 2207.0 2215.0 2172.0 2259.0 2204.0 2193.0 2221.0 2240.0 2191.0 2241.0 2271.0 2208.0 2162.0 2124.0 2108.0 2181.0 2229.0 2205.0 2170.0 2189.0 2163.0 2161.0 2186.0 2157.0 2167.0 2173.0 2164.0 2129.0 2116.0 2109.0 2088.0 2106.0 2123.0 2112.0 2125.0 2099.0 2007.0 1942.0 1857.0 1705.0 1651.0 1604.0 1529.0 1475.0 1419.0 1354.0 1311.0 1282.0 1236.0 1196.0 1153.0 1133.0 1098.0
2368.0 2270.0 2157.0 2095.0 1967.0 1967.0 2132.0 2290.0 2304.0 2263.0 2206.0 2233.0 2197.0 2285.0 2237.0 2163.0 2189.0 2200.0 2139.0 2142.0 2134.0 2247.0 2235.0 2214.0 2189.0 2164.0 2165.0 2150.0 2190.0 2187.0 2239.0 2209.0 2134.0 2218.0 2226.0 2124.0 2149.0 2152.0 2170.0 2163.0 2157.0 2179.0 2188.0 2228.0 2214.0 2166.0 2164.0 2201.0 2188.0 2186.0 2170.0 2157.0 2125.0 2117.0 2132.0 2121.0 2092.0 2074.0 2104.0 2107.0 2100.0 2125.0 2097.0 1989.0 1929.0 1859.0 1717.0 1646.0 1600.0 1530.0 1475.0 1415.0 1354.0 1314.0 1275.0 1217.0 1196.0 1149.0 1119.0 1061.0
2264.0 2237.0 2158.0 2382.0 2289.0 2239.0 2203.0 2113.0 2319.0 2314.0 2215.0 2157.0 2197.0 2287.0 2213.0 2146.0 2154.0 2164.0 2178.0 2148.0 2134.0 2232.0 2221.0 2230.0 2220.0 2210.0 2176.0 2152.0 2185.0 2195.0 2171.0 2196.0 2186.0 2206.0 2157.0 2187.0 2241.0 2271.0 2214.0 2159.0 2155.0 2193.0 2195.0 2205.0 2189.0 2172.0 2192.0 2213.0 2210.0 2180.0 2146.0 2123.0 2124.0 2109.0 2107.0 2128.0 2112.0 2100.0 2125.0 2113.0 2108.0 2126.0 2095.0 1991.0 1934.0 1857.0 1722.0 1652.0 1622.0 1540.0 1471.0 1418.0 1354.0 1315.0 1278.0 1234.0 1194.0 1145.0 1123.0 1069.0
2366.0 2068.0 1869.0 2072.0 2375.0 2553.0 2321.0 2083.0 2304.0 2443.0 2319.0 2160.0 2303.0 2253.0 2229.0 2244.0 2192.0 2173.0 2189.0 2270.0 2215.0 2107.0 2086.0 2220.0 2178.0 2153.0 2174.0 2158.0 2219.0 2226.0 2168.0 2172.0 2131.0 2155.0 2205.0 2176.0 2148.0 2124.0 2165.0 2172.0 2160.0 2166.0 2178.0 2185.0 2158.0 2171.0 2218.0 2205.0 2171.0 2127.0 2154.0 2153.0 2119.0 2119.0 2104.0 2115.0 2110.0 2092.0 2112.0 2141.0 2131.0 2096.0 2080.0 1985.0 1924.0 1838.0 1720.0 1655.0 1613.0 1524.0 1463.0 1395.0 1348.0 1309.0 1270.0 1214.0 1193.0 1149.0 1126.0 1061.0
2370.0 2233.0 2174.0 2359.0 2550.0 2384.0 2143.0 2114.0 2301.0 2265.0 2216.0 2242.0 2322.0 2123.0 2270.0 2295.0 2191.0 2059.0 2105.0 2272.0 2213.0 2124.0 2086.0 2169.0 2135.0 2137.0 2181.0 2207.0 2219.0 2176.0 2168.0 2184.0 2187.0 2110.0 2117.0 2186.0 2151.0 2145.0 2158.0 2167.0 2161.0 2153.0 2159.0 2143.0 2170.0 2206.0 2230.0 2211.0 2117.0 2126.0 2139.0 2111.0 2121.0 2121.0 2109.0 2130.0 2111.0 2097.0 2107.0 2118.0 2109.0 2106.0 2113.0 1989.0 1920.0 1847.0 1720.0 1652.0 1591.0 1528.0 1491.0 1427.0 1345.0 1319.0 1275.0 1222.0 1192.0 1127.0 1108.0 1057.0
2308.0 2328.0 2347.0 2372.0 2164.0 2082.0 2137.0 2319.0 2131.0 2131.0 2147.0 2255.0 2495.0 2260.0 2145.0 2136.0 2033.0 2045.0 2133.0 2141.0 2218.0 2238.0 2182.0 2182.0 2170.0 2162.0 2176.0 2209.0 2222.0 2201.0 2239.0 2138.0 2141.0 2149.0 2221.0 2277.0 2148.0 2186.0 2155.0 2155.0 2184.0 2183.0 2190.0 2179.0 2163.0 2192.0 2212.0 2172.0 2172.0 2145.0 2086.0 2104.0 2106.0 2102.0 2103.0 2132.0 2175.0 2141.0 2124.0 2114.0 2111.0 2096.0 2080.0 1978.0 1911.0 1829.0 1727.0 1647.0 1595.0 1527.0 1477.0 1411.0 1344.0 1323.0 1267.0 1215.0 1194.0 1137.0 1120.0 1059.0
2284.0 2333.0 2347.0 2233.0 2158.0 2236.0 2315.0 2228.0 2306.0 2138.0 2056.0 2112.0 2283.0 2102.0 2116.0 2045.0 2079.0 2189.0 2157.0 2068.0 2270.0 2211.0 2185.0 2235.0 2203.0 2160.0 2225.0 2271.0 2185.0 2171.0 2238.0 2141.0 2158.0 2157.0 2232.0 2278.0 2139.0 2125.0 2154.0 2241.0 2161.0 2172.0 2168.0 2132.0 2176.0 2229.0 2215.0 2144.0 2110.0 2155.0 2117.0 2084.0 2107.0 2107.0 2199.0 2233.0 2191.0 2187.0 2115.0 2099.0 2117.0 2141.0 2092.0 2056.0 1927.0 1823.0 1719.0 1647.0 1606.0 1549.0 1481.0 1398.0 1346.0 1316.0 1263.0 1208.0 1187.0 1139.0 1119.0 1054.0
2302.0 2249.0 2189.0 2095.0 2237.0 2241.0 2141.0 2105.0 2129.0 2098.0 2056.0 2143.0 2259.0 1894.0 1895.0 2128.0 2196.0 2123.0 2112.0 2120.0 2204.0 2236.0 2273.0 2194.0 2167.0 2159.0 2275.0 2279.0 2124.0 2114.0 2174.0 2098.0 2126.0 2127.0 2150.0 2173.0 2144.0 2124.0 2116.0 2234.0 2169.0 2146.0 2168.0 2208.0 2170.0 2154.0 2196.0 2214.0 2174.0 2063.0 2022.0 2117.0 2141.0 2175.0 2198.0 2133.0 2175.0 2101.0 2117.0 2168.0 2110.0 2157.0 2129.0 2045.0 1909.0 1791.0 1719.0 1651.0 1592.0 1524.0 1466.0 1405.0 1349.0 1284.0 1262.0 1225.0 1199.0 1146.0 1121.0 1051.0
1883.0 2129.0 2138.0 2087.0 2049.0 2084.0 2142.0 2137.0 2035.0 2107.0 2142.0 2300.0 2331.0 2092.0 2127.0 2302.0 2070.0 2064.0 2139.0 2043.0 2037.0 2168.0 2181.0 2168.0 2212.0 2236.0 2272.0 2256.0 2174.0 2146.0 2155.0 2126.0 2166.0 2209.0 2151.0 2176.0 2186.0 2209.0 2115.0 2179.0 2157.0 2175.0 2206.0 2198.0 2126.0 2177.0 2243.0 2213.0 2202.0 2141.0 2029.0 2123.0 2116.0 2129.0 2198.0 2122.0 2114.0 2111.0 2126.0 2117.0 2113.0 2120.0 2004.0 2076.0 2108.0 1848.0 1727.0 1647.0 1580.0 1519.0 1477.0 1427.0 1353.0 1299.0 1254.0 1202.0 1184.0 1136.0 1111.0 1048.0
2303.0 2124.0 2130.0 2109.0 1820.0 2085.0 2285.0 2324.0 2024.0 2114.0 2318.0 2361.0 2284.0 2116.0 2245.0 2184.0 1998.0 2048.0 2132.0 2120.0 2248.0 2160.0 2275.0 2140.0 2265.0 2267.0 2265.0 2256.0 2236.0 2228.0 2162.0 2195.0 2242.0 2217.0 2148.0 2200.0 2178.0 2208.0 2116.0 2147.0 2147.0 2150.0 2166.0 2173.0 2178.0 2163.0 2080.0 2140.0 2198.0 2102.0 2084.0 2136.0 2109.0 2092.0 2188.0 2120.0 2021.0 2032.0 2192.0 2249.0 2152.0 2202.0 2172.0 2054.0 2016.0 2011.0 1784.0 1636.0 1569.0 1498.0 1464.0 1408.0 1355.0 1293.0 1243.0 1199.0 1179.0 1142.0 1114.0 1052.0
2434.0 2154.0 2132.0 2111.0 2152.0 1943.0 2146.0 2226.0 2124.0 2158.0 2350.0 2333.0 2147.0 2087.0 2195.0 2095.0 2186.0 2106.0 2032.0 2120.0 2275.0 2041.0 2104.0 2150.0 2224.0 2238.0 2250.0 2149.0 2143.0 2248.0 2203.0 2164.0 2158.0 2148.0 2196.0 2175.0 2127.0 2164.0 2115.0 2125.0 2140.0 2145.0 2108.0 2107.0 2150.0 2176.0 2081.0 2064.0 2075.0 2093.0 2055.0 2083.0 2117.0 2077.0 2073.0 2054.0 2018.0 2018.0 2188.0 2174.0 2005.0 2093.0 2089.0 2059.0 2108.0 2049.0 1835.0 1669.0 1578.0 1491.0 1449.0 1423.0 1363.0 1281.0 1237.0 1197.0 1173.0 1145.0 1100.0 1044.0
2312.0 2154.0 2332.0 2550.0 2691.0 2095.0 2048.0 2101.0 2280.0 2310.0 2335.0 2178.0 2147.0 2179.0 2072.0 2091.0 2073.0 2084.0 2132.0 2152.0 2107.0 2041.0 2355.0 2015.0 2263.0 2233.0 2192.0 2162.0 2127.0 2163.0 2162.0 2091.0 2126.0 2123.0 2208.0 2084.0 2108.0 2160.0 2138.0 2109.0 2154.0 2144.0 2113.0 2101.0 2124.0 2159.0 2088.0 2068.0 2078.0 2091.0 2038.0 2091.0 2119.0 2043.0 2023.0 2034.0 2020.0 2030.0 2061.0 2247.0 2159.0 2038.0 2018.0 2044.0 2109.0 2040.0 2100.0 2062.0 1734.0 1520.0 1451.0 1420.0 1362.0 1275.0 1225.0 1187.0 1172.0 1142.0 1097.0 1040.0
2304.0 2115.0 2189.0 2356.0 2315.0 2148.0 2278.0 2333.0 2352.0 2310.0 2188.0 2071.0 2148.0 2190.0 2072.0 2215.0 2000.0 2093.0 2095.0 2048.0 2101.0 2286.0 2331.0 2374.0 2143.0 2103.0 2150.0 2104.0 2138.0 2169.0 2119.0 2088.0 2154.0 2153.0 2172.0 2080.0 2091.0 2158.0 2146.0 2103.0 2182.0 2159.0 2131.0 2102.0 2140.0 2131.0 2092.0 2139.0 2081.0 2004.0 2048.0 2122.0 2109.0 2022.0 2038.0 2082.0 2063.0 2088.0 2058.0 2081.0 2225.0 2210.0 2170.0 2190.0 2017.0 2004.0 2103.0 2086.0 1949.0 1639.0 1449.0 1425.0 1389.0 1284.0 1227.0 1190.0 1169.0 1141.0 1100.0 1044.0
2129.0 1967.0 2122.0 2165.0 2139.0 1991.0 2148.0 2103.0 2015.0 1970.0 2100.0 1964.0 2022.0 2099.0 2188.0 2237.0 2064.0 2265.0 2124.0 2086.0 2227.0 2240.0 2157.0 2173.0 2146.0 2143.0 2158.0 2110.0 2122.0 2173.0 2253.0 2214.0 2244.0 2182.0 2237.0 2133.0 1992.0 2212.0 2138.0 2116.0 2184.0 2175.0 2170.0 2171.0 2231.0 2165.0 2090.0 2127.0 2080.0 2145.0 2098.0 2076.0 2111.0 2122.0 2075.0 2081.0 2018.0 2040.0 2062.0 2089.0 2187.0 2093.0 2031.0 2189.0 2206.0 2045.0 2035.0 2097.0 2103.0 1879.0 1683.0 1423.0 1386.0 1284.0 1226.0 1208.0 1165.0 1139.0 1098.0 1047.0
1801.0 1967.0 2075.0 2195.0 2172.0 1947.0 2048.0 1886.0 1886.0 2069.0 2189.0 2071.0 2021.0 2107.0 2300.0 2260.0 2180.0 2267.0 2109.0 2109.0 2274.0 2309.0 2103.0 2186.0 2229.0 1947.0 2151.0 2168.0 2210.0 2274.0 2163.0 2090.0 2134.0 2161.0 2154.0 2132.0 1993.0 2238.0 2191.0 2115.0 2127.0 2194.0 2178.0 2263.0 2261.0 2175.0 2088.0 2093.0 2081.0 2160.0 2192.0 2088.0 2096.0 2058.0 2067.0 2058.0 2068.0 2067.0 2063.0 2236.0 2212.0 2087.0 2040.0 2188.0 2206.0 2048.0 2034.0 2109.0 2110.0 1878.0 1683.0 1580.0 1387.0 1273.0 1225.0 1198.0 1164.0 1103.0 1096.0 1038.0
2129.0 2277.0 1957.0 2356.0 2137.0 1965.0 2372.0 2102.0 1995.0 2076.0 2349.0 2179.0 2021.0 2192.0 2411.0 2412.0 2243.0 2130.0 2072.0 2055.0 2203.0 2282.0 2195.0 2136.0 2148.0 2142.0 2202.0 2137.0 2131.0 2084.0 2155.0 2214.0 2109.0 2106.0 2161.0 2149.0 2269.0 2216.0 2212.0 2084.0 2094.0 2297.0 2167.0 2263.0 2262.0 2165.0 2137.0 2104.0 2082.0 2164.0 2211.0 2156.0 2105.0 2125.0 2061.0 2044.0 2082.0 2067.0 2062.0 2142.0 2151.0 2066.0 2033.0 2113.0 2108.0 2046.0 2040.0 2104.0 2109.0 1879.0 1866.0 1871.0 1498.0 1284.0 1222.0 1176.0 1162.0 1091.0 1096.0 1036.0
1922.0 1810.0 1810.0 2011.0 1848.0 1991.0 2483.0 2336.0 2168.0 2105.0 2100.0 1964.0 2159.0 2194.0 2181.0 2268.0 2412.0 2243.0 2086.0 2050.0 2095.0 2206.0 2164.0 2114.0 2149.0 1947.0 2151.0 2170.0 2146.0 2277.0 2261.0 2170.0 2149.0 2074.0 2096.0 2035.0 2167.0 2145.0 2185.0 2033.0 2184.0 2297.0 2177.0 2184.0 2262.0 2178.0 2269.0 2146.0 2085.0 2177.0 2196.0 2139.0 2105.0 2078.0 2043.0 2085.0 2126.0 2073.0 2076.0 2134.0 2123.0 2041.0 2035.0 2106.0 2110.0 2149.0 2123.0 2110.0 2102.0 1905.0 1960.0 1995.0 1665.0 1474.0 1224.0 1173.0 1155.0 1115.0 1095.0 1027.0
