0.0 2501.0 2463.0 2102.0 2102.0 2286.0 2456.0 2365.0 2286.0 2288.0 2349.0 2347.0 2344.0 2376.0 2350.0 2207.0 2208.0 2312.0 2379.0 2255.0 2271.0 2322.0 2256.0 2215.0 2421.0 2240.0 2419.0 2354.0 2250.0 2251.0 2259.0 2340.0 2356.0 2268.0 2266.0 2153.0 2268.0 2323.0 2324.0 2153.0 2257.0 2267.0 2244.0 2320.0 2292.0 2271.0 2222.0 2277.0 2262.0 2263.0 2210.0 2167.0 2260.0 2287.0 2270.0 2268.0 2292.0 2274.0 2249.0 2245.0 2320.0 2334.0 2229.0 2180.0 2181.0 2223.0 2243.0 2210.0 2246.0 2255.0 2163.0 2160.0 2163.0 2160.0 2125.0 1922.0 1902.0 1892.0 1854.0 1758.0
0.0 2367.0 2353.0 2343.0 2323.0 2326.0 2299.0 2327.0 2246.0 2122.0 2215.0 2612.0 2258.0 2120.0 2236.0 2345.0 2262.0 2354.0 2358.0 2321.0 2338.0 2296.0 2187.0 2158.0 2142.0 2291.0 2405.0 2405.0 2257.0 2195.0 2201.0 2290.0 2312.0 2349.0 2244.0 2213.0 2252.0 2279.0 2259.0 2214.0 2282.0 2281.0 2290.0 2302.0 2251.0 2260.0 2286.0 2250.0 2252.0 2254.0 2261.0 2235.0 2252.0 2312.0 2310.0 2243.0 2247.0 2269.0 2236.0 2225.0 2243.0 2230.0 2206.0 2188.0 2191.0 2220.0 2232.0 2222.0 2213.0 2170.0 2152.0 2223.0 2201.0 2128.0 1972.0 1917.0 1881.0 1880.0 1885.0 1795.0
0.0 2531.0 2229.0 2230.0 2286.0 2326.0 1970.0 2039.0 2246.0 2309.0 2043.0 2321.0 2356.0 2295.0 2237.0 2353.0 2278.0 2392.0 2300.0 2321.0 2330.0 2276.0 2133.0 2175.0 2152.0 2418.0 2297.0 2299.0 2258.0 2198.0 2242.0 2298.0 2353.0 2254.0 2249.0 2218.0 2251.0 2275.0 2290.0 2275.0 2278.0 2272.0 2288.0 2290.0 2225.0 2252.0 2281.0 2252.0 2241.0 2237.0 2267.0 2241.0 2248.0 2298.0 2301.0 2241.0 2242.0 2262.0 2233.0 2226.0 2243.0 2230.0 2206.0 2225.0 2237.0 2224.0 2226.0 2223.0 2213.0 2174.0 2159.0 2233.0 2212.0 2117.0 1991.0 1922.0 1903.0 1878.0 1878.0 1788.0
2287.0 2531.0 2301.0 2230.0 2270.0 2101.0 1970.0 2102.0 2334.0 2317.0 2299.0 2344.0 2352.0 2319.0 2275.0 2415.0 2291.0 2409.0 2302.0 2244.0 2296.0 2270.0 2136.0 2179.0 2239.0 2250.0 2495.0 2325.0 2321.0 2310.0 2244.0 2328.0 2351.0 2283.0 2265.0 2243.0 2256.0 2276.0 2291.0 2244.0 2244.0 2260.0 2278.0 2268.0 2226.0 2212.0 2266.0 2281.0 2237.0 2249.0 2269.0 2221.0 2241.0 2271.0 2268.0 2234.0 2240.0 2243.0 2218.0 2242.0 2324.0 2287.0 2231.0 2230.0 2249.0 2246.0 2225.0 2243.0 2268.0 2228.0 2192.0 2235.0 2214.0 2125.0 2053.0 2041.0 1929.0 1870.0 1853.0 1768.0
2194.0 2425.0 2358.0 2375.0 2480.0 2189.0 2648.0 2648.0 2502.0 2365.0 2340.0 2345.0 2350.0 2350.0 2417.0 2417.0 2363.0 2385.0 2321.0 2238.0 2241.0 2266.0 2141.0 2193.0 2199.0 2141.0 2286.0 2297.0 2285.0 2286.0 2243.0 2302.0 2316.0 2273.0 2282.0 2298.0 2163.0 2172.0 2291.0 2194.0 2236.0 2267.0 2276.0 2266.0 2238.0 2211.0 2255.0 2275.0 2239.0 2221.0 2217.0 2197.0 2224.0 2247.0 2197.0 2178.0 2229.0 2243.0 2228.0 2242.0 2324.0 2361.0 2312.0 2244.0 2251.0 2259.0 2227.0 2215.0 2207.0 2208.0 2150.0 2161.0 2210.0 2122.0 2013.0 2034.0 1913.0 1866.0 1861.0 1759.0
2158.0 2256.0 2350.0 2350.0 2366.0 2189.0 2211.0 2212.0 2205.0 2210.0 2254.0 2259.0 2349.0 2432.0 2417.0 2314.0 2504.0 2426.0 2322.0 2270.0 2241.0 2179.0 2018.0 2321.0 2260.0 2301.0 2296.0 2260.0 2270.0 2308.0 2327.0 2309.0 2329.0 2284.0 2307.0 2299.0 2141.0 2134.0 2288.0 2235.0 2238.0 2261.0 2274.0 2301.0 2264.0 2217.0 2247.0 2247.0 2226.0 2213.0 2251.0 2255.0 2268.0 2268.0 2205.0 2183.0 2234.0 2247.0 2211.0 2183.0 2271.0 2282.0 2278.0 2411.0 2256.0 2173.0 2226.0 2253.0 2213.0 2201.0 2199.0 2164.0 2202.0 2118.0 2004.0 1965.0 1905.0 1871.0 1866.0 1754.0
2181.0 2257.0 2357.0 2350.0 2351.0 2323.0 2320.0 2283.0 2203.0 2312.0 2266.0 2263.0 2355.0 2441.0 2275.0 2201.0 2504.0 2542.0 2343.0 2316.0 2629.0 2409.0 2146.0 2319.0 2253.0 2277.0 2284.0 2261.0 2275.0 2302.0 2327.0 2307.0 2389.0 2342.0 2333.0 2276.0 2122.0 2208.0 2272.0 2267.0 2245.0 2250.0 2272.0 2302.0 2274.0 2281.0 2293.0 2280.0 2230.0 2259.0 2275.0 2258.0 2268.0 2247.0 2198.0 2225.0 2255.0 2243.0 2224.0 2203.0 2207.0 2216.0 2235.0 2251.0 2230.0 2177.0 2207.0 2197.0 2191.0 2203.0 2192.0 2162.0 2187.0 2139.0 2040.0 1971.0 1912.0 1872.0 1854.0 1753.0
2277.0 2262.0 2251.0 2350.0 2661.0 2323.0 2200.0 2215.0 2310.0 2306.0 2368.0 2409.0 2386.0 2356.0 2194.0 2203.0 2352.0 2347.0 2267.0 2210.0 2176.0 2208.0 2145.0 2318.0 2259.0 2277.0 2273.0 2246.0 2270.0 2291.0 2315.0 2306.0 2394.0 2343.0 2288.0 2284.0 2118.0 2253.0 2274.0 2268.0 2265.0 2263.0 2273.0 2255.0 2245.0 2271.0 2262.0 2271.0 2256.0 2263.0 2265.0 2211.0 2248.0 2255.0 2257.0 2247.0 2202.0 2197.0 2227.0 2201.0 2208.0 2268.0 2186.0 2171.0 2249.0 2203.0 2230.0 2259.0 2223.0 2249.0 2195.0 2154.0 2189.0 2153.0 2028.0 1976.0 1944.0 1875.0 1855.0 1755.0
2272.0 2315.0 2245.0 2214.0 2480.0 2327.0 2317.0 2296.0 2311.0 2209.0 2329.0 2411.0 2408.0 2403.0 2186.0 2224.0 2356.0 2516.0 2522.0 2419.0 2388.0 2193.0 2253.0 2267.0 2274.0 2276.0 2280.0 2287.0 2295.0 2293.0 2309.0 2320.0 2378.0 2300.0 2236.0 2297.0 2177.0 2252.0 2294.0 2276.0 2254.0 2258.0 2273.0 2242.0 2210.0 2226.0 2228.0 2205.0 2230.0 2255.0 2226.0 2189.0 2209.0 2248.0 2259.0 2230.0 2226.0 2235.0 2227.0 2241.0 2216.0 2212.0 2248.0 2262.0 2246.0 2263.0 2272.0 2251.0 2183.0 2208.0 2237.0 2249.0 2139.0 2067.0 2010.0 1975.0 1901.0 1875.0 1867.0 1758.0
2426.0 2392.0 2327.0 2205.0 2374.0 2358.0 2409.0 2465.0 2199.0 2307.0 2274.0 2204.0 2291.0 2554.0 2186.0 2302.0 2352.0 2331.0 2318.0 2270.0 2188.0 2201.0 2321.0 2272.0 2267.0 2276.0 2299.0 2293.0 2284.0 2291.0 2300.0 2307.0 2322.0 2300.0 2270.0 2289.0 2224.0 2216.0 2273.0 2281.0 2259.0 2266.0 2275.0 2249.0 2227.0 2228.0 2259.0 2258.0 2261.0 2255.0 2240.0 2261.0 2265.0 2249.0 2222.0 2185.0 2219.0 2253.0 2238.0 2230.0 2210.0 2204.0 2194.0 2256.0 2240.0 2175.0 2220.0 2252.0 2181.0 2121.0 2194.0 2244.0 2135.0 2123.0 2064.0 1983.0 1907.0 1877.0 1866.0 1790.0
2372.0 2392.0 2344.0 2256.0 2378.0 2330.0 2315.0 2286.0 2191.0 2321.0 2377.0 2313.0 2280.0 2271.0 2347.0 2260.0 2295.0 2306.0 2234.0 2214.0 2232.0 2211.0 2296.0 2323.0 2300.0 2308.0 2303.0 2245.0 2231.0 2245.0 2238.0 2254.0 2303.0 2268.0 2269.0 2264.0 2218.0 2257.0 2281.0 2251.0 2239.0 2252.0 2229.0 2233.0 2220.0 2208.0 2228.0 2273.0 2245.0 2242.0 2282.0 2265.0 2210.0 2245.0 2252.0 2252.0 2276.0 2243.0 2213.0 2220.0 2206.0 2216.0 2232.0 2251.0 2240.0 2199.0 2223.0 2230.0 2180.0 2203.0 2219.0 2196.0 2138.0 2107.0 2016.0 1986.0 1981.0 1877.0 1832.0 1762.0
2270.0 2330.0 2348.0 2260.0 2247.0 2134.0 2184.0 2465.0 2307.0 2304.0 2172.0 2184.0 2358.0 2364.0 2225.0 2230.0 2281.0 2314.0 2291.0 2248.0 2222.0 2239.0 2253.0 2282.0 2279.0 2284.0 2282.0 2238.0 2246.0 2240.0 2229.0 2258.0 2272.0 2250.0 2233.0 2257.0 2213.0 2265.0 2273.0 2255.0 2253.0 2253.0 2219.0 2261.0 2259.0 2253.0 2271.0 2269.0 2256.0 2240.0 2209.0 2194.0 2213.0 2247.0 2229.0 2235.0 2258.0 2251.0 2227.0 2195.0 2204.0 2217.0 2247.0 2259.0 2241.0 2228.0 2238.0 2257.0 2232.0 2233.0 2194.0 2152.0 2146.0 2130.0 2020.0 1923.0 1896.0 1879.0 1851.0 1758.0
2332.0 2318.0 2342.0 2257.0 2116.0 2130.0 2245.0 2292.0 2345.0 2443.0 2293.0 2183.0 2371.0 2272.0 2323.0 2235.0 2281.0 2334.0 2297.0 2220.0 2230.0 2240.0 2289.0 2286.0 2242.0 2247.0 2282.0 2292.0 2303.0 2272.0 2300.0 2203.0 2268.0 2282.0 2231.0 2268.0 2249.0 2262.0 2275.0 2299.0 2272.0 2212.0 2215.0 2272.0 2260.0 2216.0 2261.0 2268.0 2225.0 2242.0 2241.0 2241.0 2251.0 2243.0 2253.0 2260.0 2251.0 2213.0 2214.0 2211.0 2221.0 2238.0 2212.0 2200.0 2180.0 2153.0 2225.0 2255.0 2177.0 2131.0 2165.0 2186.0 2166.0 2113.0 2002.0 1931.0 1910.0 1884.0 1852.0 1785.0
2429.0 2328.0 2315.0 2364.0 2317.0 2311.0 2282.0 2296.0 2299.0 2443.0 2425.0 2299.0 2372.0 2272.0 2344.0 2322.0 2311.0 2323.0 2303.0 2237.0 2239.0 2272.0 2269.0 2335.0 2267.0 2263.0 2312.0 2292.0 2295.0 2258.0 2274.0 2226.0 2271.0 2208.0 2274.0 2262.0 2271.0 2266.0 2281.0 2300.0 2279.0 2249.0 2279.0 2265.0 2268.0 2289.0 2230.0 2212.0 2220.0 2237.0 2226.0 2214.0 2220.0 2225.0 2222.0 2238.0 2242.0 2243.0 2240.0 2238.0 2249.0 2229.0 2211.0 2211.0 2184.0 2149.0 2195.0 2214.0 2179.0 2158.0 2153.0 2164.0 2156.0 2108.0 2046.0 1951.0 1908.0 1882.0 1861.0 1780.0
2265.0 2145.0 2285.0 2602.0 2315.0 2163.0 2309.0 2358.0 2184.0 2252.0 2315.0 2279.0 2303.0 2366.0 2310.0 2272.0 2316.0 2324.0 2297.0 2274.0 2262.0 2348.0 2238.0 2270.0 2271.0 2255.0 2285.0 2292.0 2293.0 2238.0 2305.0 2239.0 2246.0 2260.0 2260.0 2253.0 2213.0 2232.0 2281.0 2261.0 2239.0 2232.0 2209.0 2206.0 2248.0 2290.0 2285.0 2269.0 2232.0 2240.0 2227.0 2214.0 2244.0 2230.0 2234.0 2239.0 2240.0 2242.0 2243.0 2251.0 2255.0 2218.0 2198.0 2207.0 2211.0 2213.0 2220.0 2195.0 2177.0 2212.0 2206.0 2187.0 2155.0 2097.0 2017.0 1975.0 1946.0 1889.0 1865.0 1763.0
2342.0 2332.0 2209.0 2282.0 2341.0 2359.0 2282.0 2236.0 2189.0 2254.0 2299.0 2289.0 2255.0 2393.0 2322.0 2261.0 2320.0 2341.0 2265.0 2260.0 2345.0 2350.0 2278.0 2265.0 2263.0 2289.0 2287.0 2294.0 2304.0 2244.0 2284.0 2248.0 2244.0 2214.0 2338.0 2382.0 2280.0 2272.0 2274.0 2251.0 2261.0 2292.0 2286.0 2266.0 2256.0 2247.0 2252.0 2265.0 2261.0 2256.0 2260.0 2260.0 2232.0 2225.0 2214.0 2227.0 2217.0 2209.0 2229.0 2201.0 2197.0 2227.0 2203.0 2259.0 2249.0 2227.0 2247.0 2192.0 2169.0 2174.0 2184.0 2159.0 2149.0 2093.0 2012.0 1961.0 1922.0 1879.0 1845.0 1764.0
2334.0 2301.0 2204.0 2245.0 2315.0 2359.0 2316.0 2292.0 2270.0 2303.0 2334.0 2297.0 2378.0 2374.0 2337.0 2297.0 2320.0 2342.0 2296.0 2282.0 2333.0 2296.0 2280.0 2270.0 2240.0 2234.0 2279.0 2297.0 2314.0 2257.0 2279.0 2229.0 2228.0 2211.0 2240.0 2272.0 2273.0 2267.0 2284.0 2260.0 2267.0 2218.0 2211.0 2273.0 2265.0 2238.0 2233.0 2265.0 2236.0 2234.0 2248.0 2251.0 2230.0 2243.0 2236.0 2237.0 2243.0 2231.0 2241.0 2222.0 2211.0 2234.0 2215.0 2211.0 2212.0 2206.0 2189.0 2179.0 2170.0 2177.0 2182.0 2157.0 2134.0 2095.0 2042.0 1960.0 1922.0 1881.0 1844.0 1766.0
2440.0 2469.0 2152.0 2243.0 2268.0 2201.0 2203.0 2311.0 2264.0 2267.0 2349.0 2343.0 2513.0 2364.0 2318.0 2263.0 2286.0 2387.0 2366.0 2234.0 2344.0 2275.0 2277.0 2261.0 2244.0 2307.0 2319.0 2238.0 2247.0 2234.0 2279.0 2298.0 2220.0 2323.0 2276.0 2247.0 2269.0 2271.0 2292.0 2253.0 2224.0 2228.0 2259.0 2253.0 2243.0 2246.0 2244.0 2257.0 2227.0 2229.0 2227.0 2230.0 2229.0 2228.0 2236.0 2238.0 2252.0 2239.0 2232.0 2223.0 2208.0 2193.0 2205.0 2197.0 2187.0 2205.0 2191.0 2180.0 2175.0 2178.0 2180.0 2172.0 2140.0 2086.0 2035.0 1967.0 1913.0 1876.0 1846.0 1770.0
2176.0 2298.0 2153.0 2168.0 2199.0 2174.0 2204.0 2257.0 2267.0 2260.0 2339.0 2436.0 2386.0 2347.0 2323.0 2260.0 2283.0 2428.0 2263.0 2263.0 2263.0 2245.0 2239.0 2212.0 2240.0 2310.0 2294.0 2232.0 2237.0 2215.0 2308.0 2300.0 2309.0 2284.0 2243.0 2242.0 2236.0 2264.0 2239.0 2249.0 2259.0 2232.0 2210.0 2235.0 2248.0 2249.0 2270.0 2269.0 2237.0 2245.0 2255.0 2255.0 2233.0 2252.0 2243.0 2237.0 2232.0 2225.0 2229.0 2214.0 2194.0 2188.0 2192.0 2196.0 2190.0 2211.0 2194.0 2135.0 2166.0 2171.0 2145.0 2160.0 2156.0 2088.0 2036.0 1972.0 1909.0 1874.0 1847.0 1768.0
2172.0 2166.0 2203.0 2168.0 2175.0 2185.0 2277.0 2259.0 2328.0 2329.0 2278.0 2270.0 2226.0 2278.0 2247.0 2262.0 2330.0 2379.0 2311.0 2223.0 2279.0 2278.0 2182.0 2209.0 2238.0 2213.0 2273.0 2300.0 2194.0 2252.0 2235.0 2307.0 2237.0 2229.0 2260.0 2263.0 2224.0 2240.0 2296.0 2274.0 2267.0 2273.0 2260.0 2264.0 2260.0 2262.0 2276.0 2259.0 2234.0 2207.0 2219.0 2252.0 2245.0 2252.0 2242.0 2228.0 2223.0 2217.0 2223.0 2214.0 2201.0 2192.0 2187.0 2195.0 2208.0 2204.0 2182.0 2137.0 2153.0 2175.0 2157.0 2159.0 2154.0 2086.0 2030.0 1975.0 1907.0 1876.0 1848.0 1763.0
2178.0 2166.0 2195.0 2234.0 2220.0 2187.0 2153.0 2259.0 2323.0 2342.0 2337.0 2126.0 2206.0 2284.0 2315.0 2283.0 2288.0 2281.0 2368.0 2252.0 2337.0 2257.0 2263.0 2251.0 2232.0 2208.0 2210.0 2303.0 2255.0 2253.0 2164.0 2231.0 2248.0 2260.0 2248.0 2257.0 2240.0 2243.0 2252.0 2249.0 2253.0 2251.0 2255.0 2243.0 2239.0 2257.0 2279.0 2267.0 2238.0 2221.0 2229.0 2246.0 2237.0 2249.0 2232.0 2205.0 2222.0 2235.0 2230.0 2217.0 2247.0 2236.0 2187.0 2195.0 2203.0 2199.0 2191.0 2185.0 2164.0 2183.0 2184.0 2174.0 2158.0 2097.0 2061.0 1965.0 1899.0 1876.0 1848.0 1763.0
2210.0 2262.0 2183.0 2249.0 2295.0 2244.0 2144.0 2323.0 2325.0 2314.0 2337.0 2127.0 2324.0 2277.0 2239.0 2218.0 2276.0 2430.0 2169.0 2223.0 2302.0 2216.0 2179.0 2192.0 2208.0 2210.0 2241.0 2256.0 2215.0 2209.0 2238.0 2235.0 2310.0 2323.0 2247.0 2246.0 2257.0 2261.0 2244.0 2240.0 2254.0 2265.0 2257.0 2240.0 2250.0 2268.0 2270.0 2268.0 2232.0 2211.0 2224.0 2250.0 2241.0 2258.0 2236.0 2207.0 2217.0 2229.0 2227.0 2211.0 2230.0 2236.0 2190.0 2189.0 2187.0 2162.0 2160.0 2169.0 2159.0 2166.0 2186.0 2157.0 2126.0 2081.0 2018.0 1920.0 1898.0 1872.0 1841.0 1762.0
2382.0 2375.0 2273.0 2227.0 2200.0 2189.0 2146.0 2366.0 2314.0 2204.0 2341.0 2215.0 2216.0 2132.0 2166.0 2248.0 2326.0 2400.0 2318.0 2335.0 2288.0 2247.0 2222.0 2252.0 2245.0 2205.0 2270.0 2299.0 2289.0 2208.0 2308.0 2286.0 2249.0 2250.0 2222.0 2238.0 2241.0 2242.0 2251.0 2245.0 2257.0 2263.0 2253.0 2246.0 2247.0 2252.0 2247.0 2256.0 2230.0 2209.0 2220.0 2247.0 2255.0 2255.0 2228.0 2205.0 2221.0 2217.0 2212.0 2203.0 2191.0 2196.0 2203.0 2205.0 2193.0 2152.0 2157.0 2167.0 2154.0 2155.0 2143.0 2091.0 2083.0 2071.0 2009.0 1936.0 1900.0 1873.0 1844.0 1764.0
2153.0 2376.0 2251.0 2226.0 2241.0 2296.0 2277.0 2366.0 2317.0 2204.0 2270.0 2210.0 2324.0 2375.0 2320.0 2237.0 2242.0 2249.0 2317.0 2330.0 2334.0 2229.0 2187.0 2246.0 2259.0 2213.0 2197.0 2198.0 2199.0 2199.0 2239.0 2218.0 2248.0 2249.0 2254.0 2268.0 2239.0 2238.0 2247.0 2244.0 2249.0 2253.0 2254.0 2254.0 2260.0 2258.0 2259.0 2247.0 2232.0 2213.0 2221.0 2241.0 2248.0 2249.0 2222.0 2205.0 2223.0 2224.0 2206.0 2187.0 2181.0 2194.0 2205.0 2218.0 2199.0 2153.0 2175.0 2190.0 2165.0 2155.0 2125.0 2100.0 2096.0 2067.0 2025.0 1961.0 1903.0 1880.0 1847.0 1762.0
2220.0 2488.0 2251.0 2128.0 2139.0 2258.0 2137.0 2163.0 2314.0 2347.0 2259.0 2223.0 2236.0 2256.0 2218.0 2207.0 2288.0 2378.0 2366.0 2236.0 2271.0 2219.0 2180.0 2210.0 2260.0 2302.0 2268.0 2215.0 2145.0 2254.0 2304.0 2229.0 2247.0 2259.0 2247.0 2270.0 2236.0 2244.0 2250.0 2232.0 2238.0 2242.0 2240.0 2243.0 2246.0 2241.0 2224.0 2215.0 2231.0 2212.0 2225.0 2239.0 2239.0 2240.0 2223.0 2206.0 2213.0 2227.0 2217.0 2194.0 2197.0 2223.0 2218.0 2206.0 2191.0 2162.0 2156.0 2180.0 2172.0 2129.0 2118.0 2129.0 2115.0 2080.0 2023.0 1940.0 1902.0 1879.0 1845.0 1762.0
2390.0 2210.0 2172.0 2118.0 2115.0 2195.0 2144.0 2206.0 2298.0 2332.0 2376.0 2220.0 2146.0 2253.0 2235.0 2193.0 2261.0 2310.0 2326.0 2194.0 2291.0 2278.0 2253.0 2247.0 2244.0 2236.0 2262.0 2254.0 2241.0 2213.0 2233.0 2269.0 2247.0 2246.0 2218.0 2232.0 2220.0 2242.0 2253.0 2237.0 2221.0 2232.0 2243.0 2244.0 2227.0 2222.0 2221.0 2211.0 2229.0 2211.0 2224.0 2229.0 2199.0 2207.0 2208.0 2205.0 2209.0 2219.0 2222.0 2194.0 2200.0 2188.0 2187.0 2209.0 2184.0 2164.0 2155.0 2152.0 2177.0 2159.0 2116.0 2128.0 2113.0 2073.0 2016.0 1945.0 1903.0 1894.0 1849.0 1770.0
2251.0 2470.0 2249.0 2124.0 2115.0 2196.0 2070.0 2092.0 2247.0 2300.0 2262.0 2128.0 2091.0 2173.0 2259.0 2288.0 2323.0 2302.0 2238.0 2233.0 2292.0 2278.0 2266.0 2246.0 2206.0 2200.0 2194.0 2207.0 2274.0 2182.0 2193.0 2259.0 2246.0 2243.0 2216.0 2227.0 2235.0 2232.0 2247.0 2244.0 2242.0 2244.0 2240.0 2241.0 2226.0 2224.0 2224.0 2224.0 2223.0 2211.0 2225.0 2213.0 2187.0 2195.0 2196.0 2205.0 2214.0 2210.0 2219.0 2189.0 2178.0 2167.0 2181.0 2200.0 2186.0 2174.0 2172.0 2150.0 2163.0 2157.0 2124.0 2106.0 2109.0 2072.0 2018.0 1971.0 1908.0 1900.0 1892.0 1847.0
2152.0 2383.0 2250.0 2149.0 2116.0 2159.0 2127.0 2192.0 2280.0 2296.0 2285.0 2127.0 2144.0 2249.0 2261.0 2265.0 2298.0 2225.0 2243.0 2242.0 2229.0 2222.0 2245.0 2241.0 2208.0 2199.0 2196.0 2154.0 2228.0 2185.0 2170.0 2217.0 2247.0 2218.0 2196.0 2228.0 2196.0 2212.0 2230.0 2229.0 2240.0 2241.0 2232.0 2233.0 2223.0 2223.0 2221.0 2225.0 2229.0 2212.0 2228.0 2213.0 2206.0 2205.0 2211.0 2212.0 2215.0 2208.0 2209.0 2187.0 2166.0 2165.0 2191.0 2194.0 2186.0 2177.0 2156.0 2148.0 2133.0 2113.0 2113.0 2096.0 2068.0 2017.0 2009.0 1933.0 1894.0 1888.0 1889.0 1835.0
2421.0 2487.0 2244.0 2187.0 2271.0 2267.0 2189.0 2198.0 2271.0 2345.0 2423.0 2221.0 2299.0 2347.0 2282.0 2247.0 2251.0 2220.0 2365.0 2297.0 2181.0 2211.0 2237.0 2234.0 2226.0 2245.0 2271.0 2155.0 2184.0 2174.0 2182.0 2255.0 2247.0 2202.0 2192.0 2222.0 2194.0 2213.0 2231.0 2232.0 2239.0 2237.0 2229.0 2234.0 2226.0 2222.0 2218.0 2220.0 2233.0 2215.0 2226.0 2218.0 2200.0 2209.0 2213.0 2212.0 2205.0 2199.0 2203.0 2188.0 2179.0 2167.0 2180.0 2197.0 2190.0 2170.0 2156.0 2178.0 2171.0 2116.0 2111.0 2098.0 2029.0 1999.0 1986.0 1906.0 1869.0 1849.0 1831.0 1767.0
2423.0 2393.0 2223.0 2186.0 2279.0 2401.0 2165.0 2198.0 2290.0 2337.0 2370.0 2214.0 2342.0 2336.0 2258.0 2240.0 2294.0 2221.0 2333.0 2332.0 2209.0 2215.0 2225.0 2228.0 2239.0 2252.0 2286.0 2248.0 2186.0 2250.0 2270.0 2265.0 2287.0 2233.0 2225.0 2228.0 2237.0 2231.0 2239.0 2245.0 2252.0 2241.0 2224.0 2225.0 2222.0 2218.0 2219.0 2228.0 2222.0 2207.0 2213.0 2210.0 2198.0 2205.0 2194.0 2199.0 2203.0 2199.0 2195.0 2184.0 2184.0 2185.0 2190.0 2191.0 2183.0 2173.0 2200.0 2195.0 2161.0 2107.0 2095.0 2083.0 2024.0 2003.0 2004.0 1974.0 1866.0 1823.0 1822.0 1773.0
2413.0 2206.0 2139.0 2130.0 2200.0 2309.0 2087.0 2192.0 2293.0 2295.0 2308.0 2209.0 2288.0 2315.0 2260.0 2250.0 2308.0 2219.0 2246.0 2311.0 2310.0 2295.0 2229.0 2237.0 2247.0 2243.0 2272.0 2251.0 2264.0 2273.0 2254.0 2247.0 2292.0 2241.0 2218.0 2243.0 2248.0 2226.0 2231.0 2238.0 2241.0 2240.0 2225.0 2212.0 2211.0 2213.0 2220.0 2219.0 2213.0 2199.0 2197.0 2206.0 2205.0 2205.0 2195.0 2191.0 2199.0 2199.0 2177.0 2177.0 2207.0 2198.0 2193.0 2188.0 2178.0 2213.0 2219.0 2161.0 2121.0 2097.0 2080.0 2086.0 2030.0 1999.0 1996.0 1973.0 1861.0 1831.0 1823.0 1799.0
2434.0 2237.0 2139.0 2145.0 2200.0 2248.0 2162.0 2192.0 2247.0 2279.0 2311.0 2327.0 2279.0 2260.0 2270.0 2267.0 2268.0 2234.0 2241.0 2260.0 2310.0 2321.0 2276.0 2243.0 2243.0 2233.0 2267.0 2247.0 2302.0 2242.0 2170.0 2201.0 2262.0 2222.0 2183.0 2245.0 2250.0 2211.0 2227.0 2230.0 2234.0 2238.0 2226.0 2216.0 2207.0 2211.0 2223.0 2216.0 2211.0 2203.0 2198.0 2203.0 2197.0 2202.0 2194.0 2182.0 2182.0 2183.0 2167.0 2173.0 2208.0 2190.0 2188.0 2192.0 2177.0 2210.0 2215.0 2159.0 2147.0 2113.0 2099.0 2101.0 2096.0 2003.0 1974.0 1883.0 1863.0 1854.0 1824.0 1764.0
2233.0 2255.0 2258.0 2287.0 2276.0 2271.0 2415.0 2271.0 2234.0 2268.0 2219.0 2327.0 2318.0 2257.0 2238.0 2240.0 2218.0 2263.0 2261.0 2252.0 2237.0 2316.0 2282.0 2235.0 2240.0 2239.0 2249.0 2247.0 2295.0 2249.0 2176.0 2195.0 2261.0 2232.0 2182.0 2227.0 2243.0 2215.0 2231.0 2242.0 2247.0 2237.0 2224.0 2214.0 2208.0 2229.0 2246.0 2241.0 2207.0 2213.0 2207.0 2187.0 2190.0 2199.0 2190.0 2179.0 2159.0 2175.0 2170.0 2170.0 2182.0 2164.0 2152.0 2163.0 2173.0 2158.0 2160.0 2169.0 2159.0 2116.0 2102.0 2118.0 2108.0 2008.0 1986.0 1866.0 1849.0 1838.0 1817.0 1756.0
2200.0 2149.0 2379.0 2292.0 2203.0 2302.0 2415.0 2273.0 2231.0 2268.0 2221.0 2207.0 2286.0 2316.0 2265.0 2191.0 2214.0 2268.0 2314.0 2260.0 2311.0 2322.0 2307.0 2238.0 2226.0 2231.0 2221.0 2247.0 2304.0 2251.0 2203.0 2239.0 2274.0 2243.0 2184.0 2198.0 2235.0 2231.0 2252.0 2249.0 2251.0 2242.0 2222.0 2205.0 2211.0 2237.0 2231.0 2223.0 2207.0 2206.0 2205.0 2191.0 2184.0 2185.0 2190.0 2184.0 2159.0 2177.0 2176.0 2169.0 2163.0 2187.0 2144.0 2152.0 2171.0 2150.0 2138.0 2154.0 2139.0 2107.0 2101.0 2128.0 2107.0 1997.0 1990.0 1867.0 1831.0 1817.0 1810.0 1759.0
2206.0 2193.0 2409.0 2288.0 2120.0 2125.0 2233.0 2273.0 2226.0 2141.0 2218.0 2114.0 2193.0 2278.0 2211.0 2171.0 2268.0 2294.0 2261.0 2196.0 2273.0 2317.0 2325.0 2244.0 2187.0 2179.0 2237.0 2245.0 2250.0 2163.0 2249.0 2247.0 2271.0 2242.0 2236.0 2239.0 2249.0 2272.0 2271.0 2241.0 2230.0 2235.0 2219.0 2205.0 2208.0 2221.0 2213.0 2206.0 2208.0 2198.0 2203.0 2199.0 2183.0 2177.0 2175.0 2184.0 2168.0 2180.0 2185.0 2168.0 2154.0 2179.0 2192.0 2190.0 2163.0 2142.0 2129.0 2141.0 2145.0 2133.0 2121.0 2125.0 2094.0 1998.0 2002.0 1972.0 1868.0 1842.0 1822.0 1755.0
2441.0 2148.0 2655.0 2655.0 2467.0 2279.0 2241.0 2264.0 2238.0 2274.0 2346.0 2206.0 2214.0 2290.0 2269.0 2183.0 2209.0 2285.0 2311.0 2198.0 2225.0 2239.0 2233.0 2229.0 2226.0 2236.0 2277.0 2259.0 2204.0 2241.0 2241.0 2247.0 2264.0 2268.0 2230.0 2227.0 2248.0 2270.0 2246.0 2243.0 2233.0 2230.0 2221.0 2204.0 2208.0 2196.0 2201.0 2206.0 2208.0 2199.0 2204.0 2190.0 2183.0 2180.0 2173.0 2175.0 2161.0 2190.0 2211.0 2170.0 2156.0 2150.0 2192.0 2195.0 2164.0 2142.0 2128.0 2127.0 2146.0 2138.0 2126.0 2125.0 2107.0 2063.0 2037.0 2005.0 1882.0 1850.0 1824.0 1754.0
2212.0 2373.0 2386.0 2287.0 2220.0 2264.0 2271.0 2306.0 2235.0 2142.0 2122.0 2214.0 2314.0 2369.0 2319.0 2179.0 2193.0 2279.0 2251.0 2212.0 2230.0 2276.0 2188.0 2204.0 2247.0 2234.0 2280.0 2239.0 2237.0 2236.0 2172.0 2195.0 2264.0 2255.0 2211.0 2239.0 2237.0 2209.0 2198.0 2244.0 2250.0 2225.0 2220.0 2203.0 2193.0 2178.0 2205.0 2209.0 2201.0 2196.0 2198.0 2183.0 2186.0 2185.0 2173.0 2175.0 2162.0 2205.0 2212.0 2164.0 2147.0 2152.0 2187.0 2151.0 2150.0 2140.0 2130.0 2126.0 2126.0 2121.0 2109.0 2127.0 2115.0 2066.0 2024.0 1987.0 1877.0 1846.0 1823.0 1755.0
2182.0 2258.0 2295.0 2245.0 2182.0 2125.0 2170.0 2308.0 2229.0 2172.0 2356.0 2285.0 2215.0 2286.0 2209.0 2176.0 2249.0 2286.0 2112.0 2289.0 2243.0 2273.0 2189.0 2188.0 2229.0 2232.0 2229.0 2173.0 2217.0 2183.0 2173.0 2184.0 2277.0 2265.0 2200.0 2209.0 2209.0 2208.0 2200.0 2198.0 2199.0 2200.0 2206.0 2199.0 2193.0 2196.0 2214.0 2209.0 2203.0 2195.0 2193.0 2186.0 2214.0 2246.0 2227.0 2180.0 2162.0 2164.0 2200.0 2160.0 2146.0 2140.0 2118.0 2049.0 2038.0 2032.0 2097.0 2088.0 2068.0 2071.0 2077.0 2022.0 2049.0 1981.0 1976.0 1941.0 1874.0 1845.0 1823.0 1758.0
2197.0 2266.0 2291.0 2236.0 2236.0 2341.0 2238.0 2259.0 2158.0 2157.0 2339.0 2283.0 2216.0 2367.0 2318.0 2250.0 2256.0 2228.0 2312.0 2220.0 2233.0 2232.0 2190.0 2165.0 2208.0 2235.0 2160.0 2228.0 2244.0 2235.0 2234.0 2226.0 2247.0 2212.0 2260.0 2240.0 2203.0 2206.0 2201.0 2195.0 2197.0 2203.0 2206.0 2202.0 2200.0 2201.0 2205.0 2192.0 2187.0 2194.0 2203.0 2194.0 2206.0 2245.0 2225.0 2185.0 2166.0 2152.0 2207.0 2166.0 2113.0 2126.0 2109.0 2046.0 1917.0 1849.0 1872.0 1862.0 1858.0 1857.0 1855.0 1845.0 1839.0 1837.0 1842.0 1833.0 1851.0 1822.0 1807.0 1733.0
2222.0 2373.0 2292.0 2286.0 2314.0 2274.0 2171.0 2209.0 2270.0 2314.0 2244.0 2189.0 2379.0 2371.0 2343.0 2269.0 2205.0 2212.0 2112.0 2038.0 2062.0 2261.0 2196.0 2214.0 2252.0 2234.0 2224.0 2176.0 2164.0 2186.0 2249.0 2219.0 2150.0 2213.0 2226.0 2193.0 2137.0 2205.0 2214.0 2195.0 2214.0 2203.0 2205.0 2207.0 2193.0 2181.0 2202.0 2201.0 2169.0 2167.0 2189.0 2182.0 2175.0 2165.0 2166.0 2181.0 2167.0 2150.0 2185.0 2142.0 2107.0 2124.0 2109.0 2043.0 1905.0 1781.0 1764.0 1709.0 1658.0 1682.0 1683.0 1674.0 1671.0 1670.0 1672.0 1663.0 1658.0 1653.0 1651.0 1670.0
2183.0 2253.0 2157.0 2162.0 2220.0 2256.0 2238.0 2218.0 2159.0 2153.0 2247.0 2371.0 2380.0 2347.0 2270.0 2247.0 2246.0 2263.0 2254.0 2038.0 2079.0 2213.0 2184.0 2205.0 2185.0 2115.0 2144.0 2237.0 2218.0 2221.0 2165.0 2221.0 2207.0 2186.0 2204.0 2213.0 2226.0 2223.0 2214.0 2189.0 2197.0 2224.0 2217.0 2199.0 2190.0 2195.0 2195.0 2168.0 2182.0 2180.0 2181.0 2178.0 2142.0 2140.0 2155.0 2184.0 2167.0 2149.0 2148.0 2103.0 2123.0 2132.0 2104.0 2046.0 1910.0 1779.0 1731.0 1688.0 1627.0 1553.0 1521.0 1451.0 1508.0 1510.0 1515.0 1511.0 1514.0 1514.0 1511.0 1527.0
2135.0 2118.0 2071.0 2094.0 2239.0 2340.0 2040.0 2131.0 2035.0 2126.0 2339.0 2374.0 2300.0 2364.0 2277.0 2216.0 2227.0 2263.0 2238.0 2178.0 2235.0 2280.0 2257.0 2222.0 2192.0 2198.0 2243.0 2244.0 2246.0 2183.0 2249.0 2287.0 2250.0 2246.0 2236.0 2216.0 2197.0 2176.0 2201.0 2197.0 2200.0 2196.0 2152.0 2153.0 2183.0 2199.0 2184.0 2162.0 2171.0 2152.0 2171.0 2181.0 2141.0 2141.0 2163.0 2186.0 2173.0 2148.0 2126.0 2089.0 2124.0 2149.0 2106.0 2050.0 1907.0 1780.0 1714.0 1661.0 1613.0 1541.0 1493.0 1412.0 1365.0 1357.0 1348.0 1380.0 1375.0 1376.0 1376.0 1368.0
2194.0 2159.0 2157.0 2162.0 2315.0 2340.0 2012.0 2158.0 2159.0 2185.0 2250.0 2229.0 2319.0 2335.0 2239.0 2172.0 2191.0 2242.0 2251.0 2104.0 2227.0 2241.0 2236.0 2216.0 2188.0 2177.0 2226.0 2233.0 2226.0 2229.0 2165.0 2218.0 2147.0 2215.0 2261.0 2161.0 2198.0 2220.0 2201.0 2198.0 2216.0 2200.0 2192.0 2192.0 2179.0 2160.0 2162.0 2168.0 2155.0 2145.0 2161.0 2167.0 2144.0 2169.0 2213.0 2183.0 2168.0 2131.0 2101.0 2101.0 2125.0 2151.0 2101.0 2047.0 1899.0 1782.0 1716.0 1675.0 1626.0 1548.0 1497.0 1414.0 1348.0 1332.0 1292.0 1225.0 1201.0 1185.0 1238.0 1270.0
2136.0 2127.0 2070.0 2083.0 2164.0 2247.0 2237.0 2359.0 2215.0 2184.0 2184.0 2183.0 2378.0 2246.0 2182.0 2179.0 2215.0 2267.0 2292.0 2172.0 2190.0 2167.0 2184.0 2139.0 2109.0 2124.0 2155.0 2184.0 2185.0 2178.0 2163.0 2222.0 2185.0 2222.0 2261.0 2221.0 2155.0 2135.0 2143.0 2192.0 2216.0 2201.0 2151.0 2159.0 2176.0 2177.0 2195.0 2191.0 2181.0 2176.0 2180.0 2185.0 2163.0 2154.0 2142.0 2131.0 2157.0 2147.0 2143.0 2130.0 2119.0 2109.0 2069.0 2051.0 1899.0 1798.0 1722.0 1668.0 1627.0 1537.0 1475.0 1409.0 1349.0 1328.0 1265.0 1219.0 1191.0 1148.0 1138.0 1116.0
2265.0 2155.0 2070.0 2099.0 2158.0 2165.0 2158.0 2224.0 2176.0 2170.0 2181.0 2183.0 2275.0 2222.0 2179.0 2183.0 2213.0 2247.0 2256.0 2169.0 2095.0 2156.0 2155.0 2140.0 2136.0 2144.0 2132.0 2093.0 2228.0 2180.0 2162.0 2208.0 2257.0 2249.0 2250.0 2208.0 2187.0 2161.0 2144.0 2178.0 2145.0 2144.0 2168.0 2182.0 2198.0 2211.0 2172.0 2152.0 2145.0 2155.0 2154.0 2177.0 2179.0 2170.0 2149.0 2133.0 2149.0 2139.0 2142.0 2130.0 2071.0 2091.0 2082.0 2050.0 1913.0 1808.0 1740.0 1677.0 1620.0 1510.0 1473.0 1411.0 1350.0 1320.0 1262.0 1221.0 1195.0 1147.0 1132.0 1069.0
2352.0 2429.0 2445.0 2483.0 2196.0 2048.0 2025.0 2152.0 2183.0 2196.0 2179.0 2163.0 2196.0 2261.0 2223.0 2204.0 2206.0 2226.0 2252.0 2092.0 2211.0 2278.0 2154.0 2090.0 2109.0 2174.0 2166.0 2111.0 2219.0 2224.0 2114.0 2255.0 2289.0 2220.0 2253.0 2239.0 2169.0 2164.0 2227.0 2226.0 2215.0 2143.0 2144.0 2171.0 2171.0 2146.0 2145.0 2184.0 2154.0 2136.0 2134.0 2124.0 2166.0 2164.0 2137.0 2133.0 2157.0 2155.0 2133.0 2120.0 2106.0 2100.0 2092.0 2042.0 1903.0 1831.0 1742.0 1654.0 1602.0 1512.0 1478.0 1412.0 1362.0 1344.0 1274.0 1226.0 1198.0 1131.0 1120.0 1063.0
2238.0 2475.0 2557.0 2237.0 2165.0 2243.0 2290.0 2059.0 2177.0 2207.0 2175.0 2153.0 2245.0 2407.0 2239.0 2239.0 2220.0 2231.0 2242.0 2092.0 2202.0 2242.0 2240.0 2095.0 2192.0 2231.0 2195.0 2216.0 2222.0 2211.0 2170.0 2222.0 2197.0 2217.0 2196.0 2351.0 2197.0 2143.0 2142.0 2198.0 2146.0 2140.0 2154.0 2171.0 2180.0 2162.0 2161.0 2157.0 2139.0 2153.0 2134.0 2125.0 2156.0 2107.0 2140.0 2173.0 2164.0 2163.0 2124.0 2102.0 2117.0 2100.0 2093.0 2021.0 1866.0 1812.0 1730.0 1663.0 1607.0 1509.0 1470.0 1416.0 1366.0 1336.0 1264.0 1219.0 1201.0 1138.0 1131.0 1084.0
2351.0 2596.0 2557.0 2210.0 2216.0 2214.0 2107.0 2101.0 2178.0 2163.0 1993.0 1993.0 2197.0 2259.0 2222.0 2213.0 2216.0 2203.0 2125.0 2158.0 2141.0 2208.0 2240.0 2139.0 2199.0 2244.0 2225.0 2201.0 2208.0 2134.0 2118.0 2138.0 2284.0 2225.0 2182.0 2171.0 2116.0 2134.0 2156.0 2153.0 2144.0 2222.0 2258.0 2170.0 2120.0 2104.0 2163.0 2185.0 2126.0 2109.0 2179.0 2182.0 2113.0 2094.0 2132.0 2162.0 2151.0 2125.0 2128.0 2091.0 2072.0 2100.0 2074.0 2020.0 1874.0 1822.0 1733.0 1650.0 1609.0 1505.0 1435.0 1403.0 1376.0 1348.0 1264.0 1223.0 1197.0 1126.0 1114.0 1060.0
2353.0 2385.0 2154.0 2042.0 2059.0 2107.0 2106.0 2098.0 2134.0 2162.0 2168.0 2157.0 2195.0 2351.0 2237.0 2216.0 2208.0 2162.0 2110.0 2161.0 2216.0 2239.0 2243.0 2221.0 2199.0 2225.0 2226.0 2208.0 2178.0 2127.0 2156.0 2096.0 2287.0 2224.0 2200.0 2209.0 2124.0 2153.0 2231.0 2165.0 2157.0 2158.0 2134.0 2169.0 2168.0 2156.0 2186.0 2186.0 2149.0 2151.0 2171.0 2173.0 2131.0 2037.0 2034.0 2137.0 2154.0 2146.0 2076.0 2084.0 2113.0 2091.0 2055.0 2021.0 1898.0 1848.0 1751.0 1678.0 1633.0 1513.0 1471.0 1405.0 1346.0 1300.0 1256.0 1235.0 1200.0 1117.0 1121.0 1064.0
2237.0 2024.0 1953.0 2041.0 2059.0 2201.0 2262.0 2096.0 1930.0 2126.0 2162.0 2177.0 2266.0 2334.0 2218.0 2246.0 2197.0 2154.0 2168.0 2162.0 2214.0 2224.0 2300.0 2218.0 2199.0 2176.0 2197.0 2211.0 2192.0 2137.0 2139.0 2129.0 2210.0 2157.0 2213.0 2204.0 2155.0 2141.0 2230.0 2202.0 2129.0 2104.0 2119.0 2122.0 2137.0 2109.0 2133.0 2159.0 2116.0 2121.0 2137.0 2130.0 2145.0 2159.0 2140.0 2136.0 2154.0 2166.0 2117.0 2076.0 2115.0 2095.0 2032.0 2025.0 1874.0 1839.0 1721.0 1639.0 1604.0 1506.0 1464.0 1398.0 1352.0 1306.0 1240.0 1222.0 1200.0 1118.0 1107.0 1058.0
2238.0 2176.0 2154.0 2172.0 2201.0 2302.0 2301.0 2214.0 2301.0 2244.0 2411.0 2413.0 2266.0 2033.0 1937.0 2234.0 2229.0 2223.0 2255.0 2230.0 2135.0 2241.0 2240.0 2153.0 2201.0 2178.0 2145.0 2189.0 2216.0 2203.0 2166.0 2178.0 2147.0 2168.0 2252.0 2226.0 2194.0 2155.0 2216.0 2163.0 2138.0 2122.0 2117.0 2164.0 2171.0 2166.0 2178.0 2157.0 2152.0 2123.0 2019.0 1982.0 1993.0 2103.0 2157.0 2171.0 2106.0 2111.0 2122.0 2098.0 2119.0 2162.0 2098.0 2071.0 1875.0 1838.0 1739.0 1676.0 1624.0 1514.0 1433.0 1396.0 1369.0 1308.0 1254.0 1243.0 1202.0 1119.0 1105.0 1058.0
2231.0 2395.0 2335.0 2194.0 2239.0 2351.0 2314.0 2221.0 2317.0 2350.0 2406.0 2413.0 2300.0 2184.0 2328.0 2367.0 2197.0 2222.0 2284.0 2205.0 2225.0 2310.0 2241.0 2215.0 2201.0 2136.0 2123.0 2197.0 2243.0 2240.0 2174.0 2169.0 2160.0 2165.0 2165.0 2204.0 2149.0 2201.0 2200.0 2164.0 2162.0 2162.0 2169.0 2169.0 2156.0 2161.0 2181.0 2199.0 2169.0 2151.0 2149.0 2135.0 2119.0 2040.0 2034.0 2110.0 2148.0 2124.0 2117.0 2102.0 2108.0 2068.0 2030.0 2069.0 2015.0 1880.0 1742.0 1670.0 1617.0 1505.0 1422.0 1396.0 1355.0 1291.0 1226.0 1208.0 1193.0 1116.0 1108.0 1057.0
1920.0 1976.0 1950.0 1920.0 2167.0 2353.0 2311.0 2210.0 2211.0 2446.0 2322.0 2177.0 2132.0 2179.0 2318.0 2257.0 2082.0 2058.0 2089.0 2180.0 2227.0 2366.0 2117.0 2171.0 2202.0 2100.0 2147.0 2219.0 2241.0 2226.0 2148.0 2136.0 2169.0 2163.0 2210.0 2183.0 2150.0 2180.0 2140.0 2156.0 2163.0 2157.0 2173.0 2172.0 2154.0 2114.0 2133.0 2166.0 2146.0 2140.0 2154.0 2166.0 2143.0 2092.0 2145.0 2154.0 2110.0 2079.0 2062.0 2091.0 2108.0 2088.0 2068.0 2077.0 2068.0 2000.0 1780.0 1678.0 1622.0 1514.0 1441.0 1394.0 1353.0 1296.0 1229.0 1214.0 1185.0 1131.0 1115.0 1059.0
2196.0 2010.0 1979.0 2149.0 2248.0 2300.0 2303.0 2222.0 2192.0 2446.0 2216.0 2070.0 2113.0 2236.0 2277.0 2240.0 2083.0 2148.0 2168.0 2128.0 2132.0 2241.0 2160.0 2213.0 2197.0 2135.0 2146.0 2187.0 2212.0 2182.0 2107.0 2138.0 2142.0 2164.0 2264.0 2145.0 2156.0 2199.0 2139.0 2181.0 2164.0 2161.0 2178.0 2157.0 2116.0 2115.0 2159.0 2129.0 2129.0 2164.0 2150.0 2133.0 2144.0 2147.0 2149.0 2178.0 2125.0 2090.0 2159.0 2178.0 2146.0 2162.0 2083.0 1998.0 2014.0 2061.0 2004.0 1825.0 1621.0 1492.0 1423.0 1386.0 1348.0 1300.0 1235.0 1221.0 1173.0 1131.0 1115.0 1057.0
2315.0 2364.0 1975.0 1774.0 1774.0 1919.0 2229.0 2204.0 2199.0 2607.0 2222.0 2071.0 2136.0 2296.0 2220.0 2201.0 2085.0 2059.0 2077.0 2146.0 2229.0 2309.0 2122.0 2211.0 2199.0 2210.0 2152.0 2174.0 2203.0 2165.0 2093.0 2162.0 2155.0 2170.0 2260.0 2080.0 2084.0 2203.0 2143.0 2193.0 2218.0 2158.0 2180.0 2155.0 2150.0 2158.0 2170.0 2176.0 2193.0 2142.0 2143.0 2132.0 2141.0 2132.0 2145.0 2106.0 2106.0 2150.0 2134.0 2166.0 2171.0 2094.0 2095.0 2083.0 2021.0 2034.0 2004.0 2021.0 1816.0 1525.0 1420.0 1396.0 1353.0 1284.0 1241.0 1234.0 1187.0 1115.0 1109.0 1054.0
2338.0 2434.0 2150.0 2143.0 2156.0 1974.0 2012.0 2168.0 2407.0 2715.0 2355.0 2071.0 2136.0 2292.0 2217.0 2055.0 2200.0 2208.0 2213.0 2147.0 2126.0 2204.0 2082.0 2202.0 2234.0 2138.0 2087.0 2172.0 2147.0 2075.0 2091.0 2164.0 2271.0 2234.0 2266.0 2090.0 2075.0 2204.0 2138.0 2117.0 2260.0 2177.0 2216.0 2155.0 2163.0 2167.0 2167.0 2162.0 2189.0 2150.0 2146.0 2125.0 2097.0 2126.0 2139.0 2150.0 2143.0 2150.0 2139.0 2106.0 2102.0 2086.0 2087.0 2129.0 2077.0 1998.0 2089.0 2097.0 1977.0 1627.0 1426.0 1398.0 1351.0 1292.0 1256.0 1224.0 1159.0 1115.0 1113.0 1052.0
2337.0 2287.0 2332.0 2304.0 2155.0 1830.0 2012.0 2195.0 2195.0 2007.0 2354.0 2075.0 2132.0 2248.0 2238.0 2156.0 2389.0 2251.0 2260.0 2197.0 2128.0 2203.0 2180.0 2438.0 2165.0 2093.0 2068.0 2182.0 2145.0 2073.0 2092.0 2095.0 2142.0 2168.0 2155.0 2167.0 2148.0 2189.0 2140.0 2036.0 2258.0 2158.0 2226.0 2154.0 2152.0 2186.0 2167.0 2147.0 2194.0 2161.0 2152.0 2113.0 2064.0 2111.0 2101.0 2067.0 2125.0 2146.0 2115.0 2144.0 2164.0 2045.0 2064.0 2113.0 2099.0 2111.0 2118.0 2080.0 2062.0 1999.0 1702.0 1395.0 1346.0 1289.0 1237.0 1225.0 1141.0 1114.0 1116.0 1056.0
2306.0 2031.0 2332.0 2303.0 2108.0 1832.0 2274.0 2521.0 2283.0 1965.0 2217.0 2261.0 2222.0 2249.0 2253.0 2247.0 2389.0 2225.0 2235.0 2217.0 2215.0 2203.0 2158.0 2226.0 2170.0 2067.0 2048.0 2226.0 2259.0 2182.0 2138.0 2145.0 2271.0 2278.0 2266.0 2167.0 2092.0 2109.0 2150.0 2123.0 2211.0 2135.0 2192.0 2238.0 2138.0 2120.0 2129.0 2143.0 2127.0 2127.0 2144.0 2069.0 2037.0 2133.0 2126.0 2062.0 2036.0 2030.0 2031.0 2123.0 2111.0 1977.0 1983.0 2096.0 2083.0 2111.0 2133.0 2064.0 1991.0 2004.0 1950.0 1597.0 1349.0 1283.0 1237.0 1230.0 1138.0 1113.0 1107.0 1059.0
2407.0 2364.0 2018.0 2270.0 2149.0 2127.0 2452.0 2222.0 2042.0 2124.0 2464.0 2102.0 2220.0 2281.0 2224.0 2163.0 2281.0 2184.0 2102.0 2190.0 2213.0 2179.0 2086.0 2183.0 2189.0 2182.0 2234.0 2169.0 2143.0 2186.0 2143.0 2089.0 2155.0 2242.0 2252.0 2143.0 2138.0 2111.0 2126.0 2123.0 2196.0 2192.0 2195.0 2343.0 2116.0 2107.0 2120.0 2145.0 2124.0 2049.0 2095.0 2070.0 2053.0 2073.0 2134.0 2094.0 2038.0 2029.0 2031.0 2141.0 2102.0 1978.0 1977.0 2087.0 2098.0 2012.0 2091.0 2088.0 1981.0 2002.0 2007.0 1806.0 1532.0 1278.0 1244.0 1229.0 1132.0 1118.0 1105.0 1049.0
2405.0 1919.0 1374.0 2143.0 2282.0 2282.0 2452.0 2151.0 2042.0 1965.0 2030.0 1776.0 2038.0 2232.0 2241.0 2180.0 2052.0 2177.0 2041.0 2148.0 2125.0 2021.0 2081.0 2171.0 2016.0 2035.0 2234.0 2205.0 2262.0 2095.0 2061.0 2075.0 2021.0 2153.0 2154.0 2157.0 2049.0 2055.0 1998.0 2048.0 2183.0 2235.0 2208.0 2238.0 1983.0 2137.0 2145.0 2144.0 2132.0 2047.0 2051.0 2086.0 2102.0 2049.0 2107.0 2006.0 2035.0 2137.0 2109.0 2124.0 2095.0 2045.0 2010.0 2075.0 2082.0 1981.0 2044.0 2101.0 2067.0 2002.0 2007.0 1956.0 1765.0 1474.0 1268.0 1221.0 1133.0 1126.0 1105.0 1052.0
