451.0 452.0 467.0 477.0 453.0 434.0 429.0 472.0 485.0 556.0 776.0 926.0 1143.0 1322.0 1523.0 1634.0 1624.0 1526.0 1491.0 1623.0 1773.0 1785.0 1794.0 1821.0 1857.0 1960.0 1814.0 1983.0 1957.0 1953.0 2017.0 1999.0 1878.0 1977.0 2086.0 1982.0 1876.0 1976.0 2070.0 2072.0 2073.0 2103.0 2120.0 2154.0 2138.0 2141.0 2157.0 2200.0 2136.0 2132.0 2137.0 2104.0 2144.0 2165.0 2165.0 2167.0 2157.0 2148.0 2166.0 2153.0 2129.0 2157.0 2126.0 2116.0 2117.0 2112.0 2114.0 2103.0 2083.0 2083.0 2103.0 2078.0 2088.0 1995.0 1968.0 2042.0 1967.0 1798.0 1798.0 1722.0
396.0 387.0 370.0 399.0 404.0 405.0 447.0 467.0 446.0 445.0 481.0 561.0 831.0 1017.0 1236.0 1487.0 1585.0 1481.0 1491.0 1530.0 1595.0 1729.0 1815.0 1707.0 1789.0 1783.0 1799.0 1912.0 1916.0 1880.0 1871.0 1959.0 2065.0 1962.0 1963.0 2090.0 2006.0 2097.0 1998.0 1976.0 1978.0 2032.0 2040.0 2121.0 2066.0 2081.0 2134.0 2149.0 2143.0 2101.0 2091.0 2095.0 2147.0 2140.0 2129.0 2154.0 2158.0 2100.0 2140.0 2135.0 2142.0 2129.0 2136.0 2139.0 2119.0 2130.0 2132.0 2117.0 2100.0 2066.0 2029.0 2029.0 2084.0 2038.0 2002.0 1889.0 1884.0 1866.0 1695.0 1763.0
385.0 390.0 376.0 384.0 367.0 366.0 447.0 467.0 533.0 551.0 482.0 562.0 597.0 818.0 1063.0 1393.0 1585.0 1481.0 1491.0 1502.0 1506.0 1603.0 1815.0 1679.0 1687.0 1662.0 1819.0 1912.0 1916.0 1976.0 1992.0 1965.0 2059.0 2066.0 1962.0 1981.0 2025.0 1974.0 2003.0 1976.0 1983.0 2038.0 2036.0 2084.0 2074.0 2069.0 2126.0 2130.0 2135.0 2091.0 2093.0 2100.0 2134.0 2108.0 2110.0 2141.0 2153.0 2100.0 2061.0 2102.0 2138.0 2124.0 2131.0 2151.0 2119.0 2129.0 2138.0 2122.0 2094.0 2065.0 2029.0 2029.0 2082.0 2043.0 1998.0 1889.0 1887.0 1880.0 1813.0 1777.0
402.0 397.0 395.0 385.0 347.0 325.0 312.0 317.0 355.0 431.0 551.0 556.0 580.0 562.0 783.0 1077.0 1408.0 1420.0 1418.0 1460.0 1506.0 1603.0 1554.0 1697.0 1704.0 1819.0 1818.0 1789.0 1755.0 1826.0 1992.0 1977.0 2037.0 2066.0 1907.0 1968.0 2036.0 1949.0 1992.0 2040.0 2043.0 2051.0 2046.0 2078.0 2079.0 2072.0 2123.0 2113.0 2106.0 2091.0 2104.0 2098.0 2109.0 2107.0 2110.0 2133.0 2151.0 2133.0 2075.0 2103.0 2127.0 2110.0 2109.0 2162.0 2175.0 2170.0 2153.0 2126.0 2082.0 2061.0 2070.0 2081.0 2079.0 2047.0 1982.0 1979.0 1908.0 1882.0 1814.0 1771.0
393.0 387.0 375.0 382.0 374.0 357.0 329.0 325.0 330.0 327.0 336.0 428.0 463.0 519.0 589.0 807.0 936.0 1041.0 1166.0 1308.0 1490.0 1459.0 1658.0 1674.0 1692.0 1819.0 1819.0 1789.0 1752.0 1801.0 1875.0 1879.0 1865.0 1835.0 1860.0 1972.0 2022.0 1931.0 2025.0 2038.0 2050.0 2051.0 2033.0 2081.0 2082.0 2062.0 2099.0 2092.0 2102.0 2145.0 2140.0 2103.0 2109.0 2107.0 2105.0 2132.0 2147.0 2131.0 2068.0 2095.0 2136.0 2123.0 2099.0 2125.0 2176.0 2129.0 2141.0 2130.0 2076.0 2065.0 2123.0 2093.0 2079.0 2047.0 2001.0 1988.0 1933.0 1876.0 1779.0 1765.0
352.0 352.0 307.0 320.0 356.0 364.0 367.0 369.0 363.0 391.0 382.0 412.0 429.0 515.0 589.0 690.0 754.0 757.0 774.0 916.0 1038.0 1204.0 1376.0 1549.0 1607.0 1616.0 1576.0 1609.0 1752.0 1801.0 1875.0 1894.0 1866.0 1829.0 1909.0 1972.0 1962.0 1932.0 2039.0 2041.0 2051.0 2050.0 2028.0 2070.0 2065.0 1980.0 2081.0 2092.0 2084.0 2117.0 2099.0 2094.0 2120.0 2108.0 2102.0 2147.0 2148.0 2130.0 2154.0 2153.0 2128.0 2112.0 2101.0 2112.0 2135.0 2125.0 2087.0 2053.0 2093.0 2066.0 2076.0 2089.0 2067.0 2038.0 1984.0 1976.0 1910.0 1868.0 1768.0 1763.0
344.0 352.0 340.0 324.0 328.0 344.0 346.0 346.0 355.0 384.0 409.0 428.0 425.0 424.0 495.0 690.0 754.0 757.0 774.0 791.0 752.0 798.0 840.0 1013.0 1164.0 1199.0 1221.0 1354.0 1492.0 1624.0 1774.0 1851.0 1841.0 1836.0 1908.0 1964.0 1958.0 1956.0 2041.0 2049.0 2041.0 2051.0 2044.0 2074.0 2081.0 2083.0 2123.0 2096.0 2095.0 2149.0 2138.0 2093.0 2104.0 2110.0 2115.0 2120.0 2130.0 2127.0 2130.0 2151.0 2060.0 2059.0 2113.0 2163.0 2138.0 2153.0 2183.0 2174.0 2186.0 2169.0 2126.0 2078.0 2079.0 2047.0 1980.0 1975.0 1945.0 1868.0 1774.0 1764.0
338.0 334.0 347.0 354.0 329.0 339.0 335.0 335.0 335.0 330.0 349.0 378.0 380.0 406.0 470.0 511.0 567.0 619.0 645.0 661.0 727.0 798.0 840.0 866.0 839.0 917.0 936.0 956.0 1015.0 1166.0 1328.0 1537.0 1748.0 1813.0 1843.0 1873.0 1965.0 1937.0 2033.0 2001.0 1998.0 2045.0 2040.0 2071.0 2084.0 2135.0 2138.0 2096.0 2096.0 2139.0 2143.0 2137.0 2107.0 2116.0 2113.0 2089.0 2082.0 2131.0 2108.0 2067.0 2066.0 2070.0 2147.0 2142.0 2130.0 2141.0 2145.0 2148.0 2108.0 2131.0 2079.0 2089.0 2094.0 2033.0 1995.0 1987.0 1941.0 1853.0 1806.0 1766.0
341.0 315.0 302.0 309.0 332.0 330.0 331.0 334.0 335.0 332.0 343.0 358.0 360.0 383.0 418.0 444.0 547.0 604.0 619.0 632.0 680.0 653.0 703.0 738.0 785.0 793.0 797.0 798.0 807.0 873.0 943.0 1136.0 1390.0 1528.0 1692.0 1835.0 1954.0 1821.0 1971.0 1961.0 1975.0 2047.0 2046.0 2080.0 2102.0 2091.0 2107.0 2103.0 2090.0 2091.0 2099.0 2087.0 2088.0 2086.0 2093.0 2126.0 2122.0 2124.0 2148.0 2123.0 2137.0 2157.0 2103.0 2102.0 2168.0 2167.0 2141.0 2157.0 2186.0 2137.0 2115.0 2077.0 2075.0 2060.0 1996.0 1965.0 1912.0 1866.0 1839.0 1753.0
317.0 317.0 307.0 299.0 327.0 332.0 334.0 339.0 353.0 365.0 375.0 399.0 418.0 401.0 466.0 500.0 547.0 598.0 632.0 636.0 614.0 620.0 699.0 730.0 732.0 731.0 750.0 759.0 767.0 771.0 798.0 827.0 921.0 1122.0 1338.0 1607.0 1795.0 1815.0 2016.0 2003.0 1991.0 2025.0 2045.0 2078.0 2079.0 2091.0 2119.0 2100.0 2128.0 2143.0 2090.0 2095.0 2134.0 2160.0 2186.0 2152.0 2086.0 2115.0 2126.0 2117.0 2132.0 2132.0 2104.0 2157.0 2148.0 2085.0 2113.0 2146.0 2103.0 2141.0 2185.0 2128.0 2064.0 2041.0 1986.0 1978.0 1953.0 1863.0 1839.0 1764.0
321.0 322.0 324.0 314.0 325.0 337.0 344.0 341.0 381.0 385.0 353.0 345.0 368.0 395.0 400.0 445.0 542.0 540.0 525.0 575.0 602.0 619.0 610.0 629.0 659.0 686.0 696.0 702.0 704.0 715.0 734.0 769.0 808.0 841.0 927.0 1208.0 1542.0 1542.0 1839.0 1999.0 1996.0 2013.0 2039.0 2080.0 2102.0 2114.0 2127.0 2104.0 2124.0 2144.0 2088.0 2066.0 2102.0 2163.0 2133.0 2116.0 2133.0 2131.0 2121.0 2149.0 2129.0 2147.0 2146.0 2098.0 2132.0 2146.0 2119.0 2106.0 2079.0 2094.0 2113.0 2073.0 2091.0 2081.0 1985.0 1953.0 1947.0 1858.0 1802.0 1746.0
329.0 325.0 324.0 323.0 324.0 331.0 340.0 347.0 346.0 383.0 386.0 383.0 360.0 377.0 394.0 445.0 536.0 587.0 596.0 614.0 614.0 605.0 603.0 608.0 628.0 662.0 673.0 682.0 687.0 688.0 703.0 725.0 755.0 834.0 805.0 868.0 1027.0 1172.0 1488.0 1822.0 1856.0 1929.0 2036.0 2075.0 2099.0 2092.0 2087.0 2099.0 2072.0 2086.0 2130.0 2138.0 2138.0 2148.0 2148.0 2116.0 2104.0 2122.0 2100.0 2105.0 2076.0 2116.0 2147.0 2119.0 2131.0 2142.0 2112.0 2107.0 2091.0 2086.0 2083.0 2073.0 2081.0 2058.0 1995.0 1961.0 1914.0 1858.0 1839.0 1767.0
328.0 324.0 325.0 327.0 340.0 340.0 335.0 384.0 357.0 365.0 379.0 390.0 384.0 385.0 398.0 453.0 537.0 592.0 607.0 603.0 609.0 604.0 602.0 610.0 620.0 635.0 647.0 654.0 664.0 671.0 672.0 684.0 695.0 708.0 784.0 866.0 840.0 883.0 1132.0 1525.0 1856.0 1942.0 2035.0 2090.0 2107.0 2101.0 2098.0 2101.0 2066.0 2046.0 2082.0 2101.0 2118.0 2114.0 2134.0 2120.0 2100.0 2126.0 2129.0 2119.0 2110.0 2149.0 2146.0 2104.0 2108.0 2088.0 2117.0 2126.0 2101.0 2104.0 2103.0 2099.0 2096.0 2049.0 1975.0 1970.0 1947.0 1855.0 1832.0 1751.0
317.0 321.0 327.0 332.0 372.0 397.0 394.0 383.0 400.0 389.0 384.0 392.0 396.0 394.0 396.0 453.0 530.0 558.0 539.0 570.0 597.0 606.0 602.0 609.0 620.0 630.0 639.0 645.0 653.0 663.0 662.0 674.0 682.0 689.0 712.0 752.0 777.0 881.0 880.0 1118.0 1551.0 1969.0 2035.0 2067.0 2100.0 2100.0 2108.0 2112.0 2097.0 2050.0 2087.0 2103.0 2118.0 2161.0 2190.0 2162.0 2127.0 2135.0 2131.0 2101.0 2109.0 2145.0 2109.0 2092.0 2116.0 2126.0 2117.0 2135.0 2108.0 2095.0 2088.0 2106.0 2101.0 2046.0 1969.0 1944.0 1922.0 1853.0 1822.0 1769.0
319.0 321.0 328.0 320.0 330.0 371.0 403.0 399.0 397.0 392.0 386.0 382.0 374.0 382.0 395.0 449.0 517.0 516.0 510.0 515.0 525.0 550.0 598.0 608.0 618.0 631.0 638.0 641.0 644.0 648.0 654.0 663.0 671.0 682.0 696.0 736.0 742.0 760.0 874.0 883.0 1156.0 1736.0 2033.0 2067.0 2092.0 2105.0 2125.0 2118.0 2116.0 2108.0 2089.0 2093.0 2098.0 2128.0 2129.0 2119.0 2137.0 2141.0 2131.0 2123.0 2114.0 2111.0 2114.0 2111.0 2115.0 2129.0 2119.0 2106.0 2093.0 2098.0 2105.0 2107.0 2108.0 2069.0 1977.0 1956.0 1924.0 1838.0 1819.0 1745.0
318.0 324.0 329.0 331.0 335.0 356.0 373.0 380.0 357.0 367.0 386.0 387.0 377.0 383.0 403.0 460.0 509.0 491.0 484.0 465.0 485.0 503.0 593.0 610.0 623.0 631.0 638.0 641.0 643.0 644.0 648.0 654.0 661.0 669.0 694.0 698.0 716.0 733.0 750.0 882.0 1057.0 1455.0 1908.0 2081.0 2083.0 2090.0 2097.0 2096.0 2103.0 2106.0 2128.0 2112.0 2104.0 2119.0 2133.0 2120.0 2119.0 2129.0 2130.0 2124.0 2108.0 2108.0 2112.0 2101.0 2113.0 2115.0 2121.0 2109.0 2095.0 2100.0 2102.0 2102.0 2108.0 2092.0 1993.0 1955.0 1913.0 1828.0 1824.0 1768.0
342.0 338.0 330.0 346.0 355.0 372.0 397.0 395.0 373.0 365.0 384.0 389.0 390.0 395.0 474.0 494.0 511.0 487.0 453.0 462.0 495.0 553.0 598.0 611.0 625.0 634.0 639.0 642.0 645.0 646.0 648.0 650.0 651.0 656.0 659.0 683.0 710.0 737.0 733.0 772.0 927.0 1108.0 1626.0 2067.0 2106.0 2110.0 2108.0 2117.0 2113.0 2111.0 2123.0 2108.0 2106.0 2114.0 2130.0 2120.0 2119.0 2132.0 2125.0 2128.0 2131.0 2115.0 2117.0 2119.0 2114.0 2122.0 2126.0 2112.0 2100.0 2071.0 2098.0 2098.0 2093.0 2059.0 1968.0 1955.0 1921.0 1837.0 1825.0 1764.0
329.0 325.0 329.0 336.0 345.0 370.0 401.0 403.0 405.0 401.0 389.0 393.0 407.0 429.0 495.0 512.0 517.0 492.0 458.0 451.0 456.0 504.0 624.0 640.0 637.0 638.0 639.0 642.0 645.0 645.0 649.0 648.0 652.0 654.0 652.0 671.0 683.0 680.0 716.0 772.0 926.0 1058.0 1602.0 2087.0 2109.0 2108.0 2112.0 2116.0 2102.0 2111.0 2103.0 2105.0 2113.0 2121.0 2114.0 2119.0 2121.0 2131.0 2117.0 2126.0 2127.0 2100.0 2116.0 2125.0 2117.0 2108.0 2118.0 2111.0 2111.0 2076.0 2095.0 2104.0 2092.0 2074.0 1977.0 1946.0 1919.0 1866.0 1820.0 1743.0
352.0 350.0 384.0 384.0 384.0 389.0 402.0 391.0 399.0 405.0 414.0 411.0 419.0 460.0 506.0 525.0 521.0 491.0 510.0 519.0 526.0 596.0 650.0 660.0 648.0 643.0 641.0 643.0 644.0 645.0 646.0 644.0 646.0 647.0 648.0 656.0 669.0 679.0 706.0 765.0 916.0 1051.0 1599.0 2078.0 2099.0 2110.0 2112.0 2098.0 2096.0 2109.0 2122.0 2121.0 2131.0 2124.0 2121.0 2123.0 2143.0 2137.0 2116.0 2117.0 2116.0 2114.0 2121.0 2120.0 2124.0 2111.0 2106.0 2110.0 2122.0 2108.0 2097.0 2101.0 2097.0 2087.0 1992.0 1948.0 1904.0 1850.0 1819.0 1738.0
384.0 389.0 389.0 395.0 397.0 406.0 403.0 386.0 376.0 375.0 385.0 390.0 408.0 458.0 508.0 529.0 530.0 530.0 529.0 542.0 601.0 676.0 693.0 675.0 647.0 644.0 641.0 643.0 645.0 643.0 646.0 644.0 646.0 647.0 647.0 643.0 646.0 677.0 721.0 775.0 924.0 1055.0 1587.0 2084.0 2112.0 2113.0 2109.0 2108.0 2115.0 2113.0 2127.0 2128.0 2114.0 2122.0 2120.0 2119.0 2122.0 2126.0 2126.0 2122.0 2135.0 2155.0 2120.0 2115.0 2129.0 2117.0 2120.0 2124.0 2133.0 2126.0 2081.0 2092.0 2088.0 2058.0 1987.0 1949.0 1911.0 1868.0 1823.0 1734.0
379.0 387.0 385.0 372.0 368.0 375.0 398.0 401.0 402.0 391.0 383.0 396.0 413.0 458.0 499.0 507.0 520.0 547.0 549.0 549.0 598.0 632.0 649.0 651.0 646.0 649.0 669.0 667.0 658.0 651.0 653.0 658.0 648.0 650.0 646.0 642.0 645.0 672.0 714.0 845.0 971.0 1055.0 1583.0 2099.0 2112.0 2115.0 2129.0 2128.0 2124.0 2120.0 2125.0 2111.0 2113.0 2125.0 2117.0 2115.0 2113.0 2137.0 2137.0 2125.0 2136.0 2151.0 2119.0 2114.0 2124.0 2138.0 2138.0 2136.0 2129.0 2116.0 2080.0 2074.0 2084.0 2064.0 1991.0 1947.0 1900.0 1850.0 1824.0 1757.0
363.0 373.0 386.0 370.0 354.0 368.0 358.0 381.0 399.0 411.0 418.0 427.0 424.0 460.0 501.0 513.0 524.0 542.0 542.0 544.0 603.0 636.0 640.0 643.0 648.0 649.0 649.0 653.0 676.0 687.0 676.0 681.0 693.0 654.0 646.0 640.0 645.0 677.0 772.0 858.0 970.0 1167.0 1631.0 2101.0 2113.0 2111.0 2116.0 2128.0 2124.0 2119.0 2122.0 2109.0 2126.0 2121.0 2120.0 2127.0 2121.0 2140.0 2119.0 2119.0 2117.0 2105.0 2117.0 2113.0 2122.0 2143.0 2137.0 2116.0 2128.0 2130.0 2084.0 2069.0 2079.0 2051.0 1989.0 1945.0 1859.0 1814.0 1824.0 1753.0
367.0 380.0 389.0 391.0 385.0 378.0 354.0 352.0 364.0 380.0 391.0 385.0 399.0 456.0 496.0 495.0 460.0 439.0 518.0 542.0 608.0 675.0 686.0 692.0 682.0 667.0 688.0 695.0 706.0 731.0 746.0 747.0 710.0 687.0 677.0 743.0 705.0 770.0 1002.0 1104.0 1104.0 1220.0 1636.0 2082.0 2113.0 2109.0 2127.0 2144.0 2129.0 2126.0 2131.0 2137.0 2131.0 2130.0 2125.0 2125.0 2114.0 2128.0 2123.0 2117.0 2114.0 2106.0 2120.0 2117.0 2129.0 2144.0 2134.0 2121.0 2133.0 2128.0 2073.0 2064.0 2075.0 2049.0 1996.0 1949.0 1888.0 1832.0 1821.0 1758.0
281.0 280.0 283.0 351.0 351.0 353.0 355.0 377.0 385.0 373.0 372.0 377.0 401.0 455.0 471.0 467.0 462.0 526.0 438.0 545.0 737.0 766.0 718.0 710.0 718.0 720.0 713.0 739.0 757.0 751.0 750.0 750.0 752.0 788.0 888.0 944.0 940.0 949.0 1002.0 1018.0 999.0 1253.0 1760.0 2088.0 2119.0 2123.0 2149.0 2138.0 2125.0 2132.0 2135.0 2139.0 2125.0 2127.0 2120.0 2122.0 2116.0 2128.0 2127.0 2119.0 2113.0 2120.0 2120.0 2116.0 2120.0 2110.0 2102.0 2110.0 2137.0 2132.0 2071.0 2061.0 2047.0 2048.0 1998.0 1962.0 1908.0 1845.0 1823.0 1761.0
271.0 280.0 250.0 196.0 196.0 270.0 255.0 275.0 310.0 358.0 362.0 367.0 382.0 363.0 374.0 365.0 372.0 389.0 430.0 569.0 885.0 966.0 971.0 969.0 909.0 811.0 809.0 779.0 782.0 782.0 786.0 836.0 898.0 1035.0 1076.0 1110.0 1121.0 1168.0 1192.0 1237.0 1254.0 1505.0 1890.0 2096.0 2118.0 2127.0 2149.0 2140.0 2128.0 2146.0 2136.0 2138.0 2127.0 2132.0 2130.0 2129.0 2139.0 2135.0 2120.0 2119.0 2114.0 2116.0 2117.0 2119.0 2125.0 2111.0 2098.0 2098.0 2132.0 2128.0 2065.0 2070.0 2071.0 2043.0 1999.0 1962.0 1908.0 1838.0 1803.0 1757.0
371.0 353.0 275.0 193.0 156.0 154.0 145.0 165.0 226.0 247.0 231.0 225.0 353.0 363.0 374.0 343.0 368.0 391.0 413.0 764.0 1108.0 1158.0 1170.0 1182.0 1169.0 1095.0 948.0 941.0 948.0 950.0 950.0 986.0 1028.0 1163.0 1202.0 1270.0 1276.0 1295.0 1342.0 1561.0 1561.0 1763.0 2015.0 2092.0 2134.0 2156.0 2147.0 2141.0 2126.0 2134.0 2137.0 2140.0 2133.0 2137.0 2132.0 2129.0 2136.0 2131.0 2120.0 2118.0 2118.0 2115.0 2113.0 2117.0 2131.0 2147.0 2124.0 2106.0 2097.0 2108.0 2053.0 2065.0 2070.0 2043.0 1996.0 1958.0 1899.0 1812.0 1793.0 1738.0
471.0 341.0 266.0 195.0 181.0 174.0 255.0 274.0 277.0 250.0 302.0 358.0 387.0 363.0 337.0 292.0 375.0 430.0 659.0 1322.0 1304.0 1262.0 1306.0 1382.0 1402.0 1263.0 1221.0 1195.0 1186.0 1096.0 1106.0 1135.0 1176.0 1256.0 1306.0 1304.0 1312.0 1295.0 1634.0 1852.0 1840.0 1870.0 2033.0 2089.0 2141.0 2159.0 2159.0 2160.0 2132.0 2132.0 2133.0 2135.0 2134.0 2136.0 2128.0 2125.0 2119.0 2124.0 2126.0 2118.0 2122.0 2128.0 2113.0 2111.0 2127.0 2124.0 2117.0 2111.0 2075.0 2084.0 2056.0 2063.0 2003.0 2012.0 2001.0 1955.0 1904.0 1819.0 1797.0 1758.0
636.0 464.0 281.0 195.0 178.0 173.0 145.0 167.0 219.0 245.0 231.0 225.0 164.0 171.0 261.0 295.0 413.0 696.0 1375.0 1775.0 1560.0 1367.0 1307.0 1380.0 1504.0 1710.0 1708.0 1541.0 1401.0 1325.0 1398.0 1369.0 1346.0 1324.0 1306.0 1304.0 1325.0 1508.0 1838.0 2079.0 2092.0 2073.0 2103.0 2135.0 2147.0 2149.0 2158.0 2165.0 2145.0 2136.0 2134.0 2134.0 2131.0 2137.0 2131.0 2128.0 2121.0 2124.0 2128.0 2117.0 2116.0 2127.0 2111.0 2109.0 2118.0 2105.0 2105.0 2121.0 2081.0 2103.0 2060.0 2066.0 1992.0 1977.0 2003.0 1949.0 1898.0 1816.0 1788.0 1730.0
1147.0 1113.0 1030.0 1027.0 858.0 465.0 349.0 163.0 150.0 1281.0 3899.0 500.0 378.0 375.0 380.0 402.0 743.0 1266.0 1853.0 1874.0 1843.0 1468.0 1311.0 1335.0 1433.0 1732.0 1935.0 1793.0 1694.0 1700.0 1794.0 1693.0 1683.0 1535.0 1418.0 1415.0 1509.0 1725.0 2023.0 2089.0 2120.0 2120.0 2138.0 2143.0 2150.0 2153.0 2153.0 2165.0 2164.0 2151.0 2132.0 2138.0 2136.0 2138.0 2132.0 2127.0 2131.0 2131.0 2115.0 2117.0 2119.0 2123.0 2111.0 2111.0 2116.0 2110.0 2132.0 2143.0 2133.0 2118.0 2046.0 1975.0 1963.0 1957.0 1991.0 1942.0 1849.0 1813.0 1792.0 1723.0
1434.0 1593.0 1614.0 1624.0 1452.0 1111.0 1111.0 954.0 831.0 1677.0 3588.0 835.0 674.0 836.0 1028.0 1194.0 1422.0 1683.0 1849.0 1871.0 1892.0 1648.0 1400.0 1336.0 1395.0 1674.0 1935.0 1955.0 1977.0 2007.0 1958.0 1978.0 1988.0 1964.0 1830.0 1815.0 1829.0 1938.0 2042.0 2118.0 2119.0 2117.0 2136.0 2133.0 2138.0 2154.0 2148.0 2159.0 2159.0 2141.0 2129.0 2133.0 2137.0 2125.0 2130.0 2125.0 2128.0 2125.0 2104.0 2119.0 2129.0 2131.0 2106.0 2099.0 2120.0 2154.0 2155.0 2139.0 2139.0 2114.0 2031.0 1978.0 1961.0 1947.0 1963.0 1942.0 1856.0 1815.0 1791.0 1722.0
1434.0 1681.0 1745.0 1762.0 1789.0 1710.0 1661.0 1634.0 1623.0 1592.0 1611.0 1367.0 1309.0 1368.0 1619.0 1832.0 1847.0 1855.0 1823.0 1840.0 1847.0 1822.0 1727.0 1599.0 1599.0 1734.0 1993.0 2049.0 2063.0 2028.0 2068.0 2100.0 2106.0 2116.0 2100.0 2081.0 2028.0 2004.0 2042.0 2131.0 2120.0 2115.0 2135.0 2130.0 2121.0 2147.0 2153.0 2149.0 2141.0 2131.0 2128.0 2127.0 2134.0 2100.0 2104.0 2115.0 2124.0 2122.0 2099.0 2102.0 2112.0 2122.0 2104.0 2102.0 2116.0 2160.0 2156.0 2126.0 2137.0 2110.0 2017.0 1978.0 1959.0 1949.0 1950.0 1945.0 1882.0 1814.0 1783.0 1709.0
1611.0 1738.0 1748.0 1803.0 1851.0 1833.0 1668.0 1678.0 1712.0 1822.0 1855.0 1829.0 1849.0 1873.0 1887.0 1883.0 1849.0 1858.0 1866.0 1883.0 1894.0 1969.0 1972.0 1986.0 1943.0 1969.0 1986.0 2047.0 2034.0 2042.0 2093.0 2105.0 2105.0 2110.0 2113.0 2116.0 2028.0 1932.0 2042.0 2132.0 2120.0 2118.0 2136.0 2131.0 2119.0 2147.0 2155.0 2157.0 2154.0 2152.0 2127.0 2127.0 2132.0 2101.0 2097.0 2112.0 2119.0 2111.0 2094.0 2085.0 2082.0 2067.0 2091.0 2101.0 2108.0 2156.0 2154.0 2132.0 2139.0 2118.0 2027.0 1977.0 1946.0 1952.0 1946.0 1939.0 1888.0 1817.0 1783.0 1718.0
1870.0 1737.0 1738.0 1765.0 1838.0 1710.0 1773.0 1713.0 1766.0 1825.0 1784.0 1789.0 1835.0 1909.0 1905.0 1895.0 1948.0 1986.0 1980.0 2000.0 2021.0 1998.0 1987.0 2024.0 2050.0 2016.0 1940.0 1956.0 1991.0 2075.0 2075.0 2114.0 2138.0 2109.0 2135.0 2150.0 2117.0 1996.0 2042.0 2128.0 2120.0 2118.0 2135.0 2132.0 2129.0 2148.0 2150.0 2139.0 2145.0 2147.0 2126.0 2127.0 2137.0 2138.0 2128.0 2115.0 2118.0 2109.0 2103.0 2093.0 2070.0 2043.0 2046.0 2070.0 2064.0 2102.0 2135.0 2133.0 2139.0 2125.0 2044.0 2024.0 1965.0 1959.0 1942.0 1840.0 1824.0 1810.0 1796.0 1725.0
1611.0 1631.0 1614.0 1722.0 1856.0 1840.0 1773.0 1692.0 1673.0 1677.0 1784.0 1804.0 1879.0 1920.0 1905.0 1899.0 1970.0 1989.0 1955.0 1973.0 2022.0 1983.0 1980.0 2017.0 2037.0 2049.0 2068.0 2066.0 2061.0 2069.0 2075.0 2097.0 2111.0 2113.0 2141.0 2150.0 2134.0 2126.0 2119.0 2124.0 2118.0 2118.0 2142.0 2137.0 2134.0 2144.0 2133.0 2128.0 2137.0 2125.0 2122.0 2124.0 2133.0 2135.0 2102.0 2114.0 2120.0 2107.0 2090.0 2065.0 2063.0 2059.0 2056.0 2076.0 2055.0 2066.0 2056.0 2086.0 2058.0 2078.0 2018.0 2016.0 2019.0 1988.0 1961.0 1845.0 1806.0 1801.0 1790.0 1727.0
1935.0 2119.0 1988.0 1883.0 1855.0 1893.0 1949.0 1776.0 1770.0 1825.0 1854.0 1813.0 1854.0 1916.0 1907.0 1973.0 2053.0 1991.0 1979.0 1957.0 2027.0 2046.0 2068.0 2062.0 2044.0 2073.0 2075.0 2129.0 2069.0 2073.0 2085.0 2076.0 2102.0 2115.0 2130.0 2149.0 2128.0 2125.0 2117.0 2121.0 2115.0 2113.0 2137.0 2135.0 2135.0 2140.0 2110.0 2136.0 2136.0 2121.0 2122.0 2122.0 2110.0 2094.0 2084.0 2101.0 2105.0 2076.0 2061.0 2052.0 2074.0 2086.0 2082.0 2072.0 2092.0 2071.0 2043.0 2047.0 2048.0 2047.0 2009.0 1995.0 2009.0 1992.0 1990.0 1947.0 1892.0 1857.0 1810.0 1738.0
1870.0 2119.0 1893.0 1828.0 1855.0 1837.0 1773.0 1891.0 1856.0 1824.0 1976.0 1990.0 1886.0 1920.0 1979.0 1995.0 1968.0 1987.0 1980.0 2014.0 2020.0 2040.0 2071.0 2082.0 2050.0 2027.0 2069.0 2116.0 2075.0 2062.0 2135.0 2077.0 2094.0 2098.0 2119.0 2121.0 2108.0 2123.0 2113.0 2111.0 2117.0 2113.0 2128.0 2129.0 2137.0 2144.0 2107.0 2121.0 2137.0 2117.0 2119.0 2122.0 2116.0 2076.0 2071.0 2053.0 2065.0 2085.0 2067.0 2042.0 2063.0 2077.0 2066.0 2064.0 2064.0 2071.0 2038.0 2030.0 2051.0 2050.0 2031.0 1993.0 1956.0 1968.0 1987.0 1961.0 1908.0 1881.0 1841.0 1754.0
1757.0 1900.0 1988.0 1881.0 1781.0 1854.0 1778.0 1758.0 1796.0 1950.0 2020.0 1918.0 2014.0 1986.0 1972.0 2011.0 2054.0 1993.0 1934.0 1987.0 2093.0 2043.0 2007.0 2069.0 2059.0 2045.0 2078.0 2090.0 2087.0 2084.0 2126.0 2074.0 2128.0 2112.0 2120.0 2116.0 2124.0 2125.0 2116.0 2113.0 2113.0 2114.0 2132.0 2135.0 2137.0 2145.0 2106.0 2115.0 2136.0 2112.0 2086.0 2095.0 2094.0 2067.0 2065.0 2054.0 2054.0 2084.0 2063.0 2013.0 2061.0 2075.0 2049.0 2053.0 2048.0 2071.0 2039.0 2028.0 2053.0 2050.0 2031.0 2005.0 1979.0 1983.0 1985.0 1962.0 1905.0 1876.0 1837.0 1753.0
1747.0 1738.0 1704.0 1711.0 1865.0 1985.0 1950.0 1912.0 1914.0 1943.0 1941.0 1919.0 1878.0 2052.0 2081.0 2038.0 1971.0 1939.0 1951.0 1994.0 1947.0 1956.0 1969.0 1984.0 2023.0 2113.0 2132.0 2060.0 2095.0 2170.0 2072.0 2085.0 2130.0 2117.0 2114.0 2114.0 2133.0 2125.0 2112.0 2083.0 2093.0 2112.0 2142.0 2138.0 2138.0 2138.0 2105.0 2108.0 2061.0 1970.0 1896.0 1920.0 1977.0 2034.0 2062.0 2070.0 2053.0 2064.0 2053.0 2044.0 2058.0 2037.0 2037.0 2027.0 2031.0 2041.0 2029.0 2021.0 2028.0 2025.0 2004.0 2001.0 2004.0 1981.0 1968.0 1921.0 1882.0 1839.0 1810.0 1751.0
1868.0 1737.0 1828.0 1883.0 1969.0 1980.0 1948.0 1884.0 1912.0 1955.0 1956.0 1842.0 1981.0 1998.0 2027.0 2054.0 2050.0 1988.0 2001.0 1975.0 1930.0 1893.0 1968.0 2007.0 2034.0 2082.0 2111.0 2130.0 2120.0 2090.0 2130.0 2123.0 2130.0 2125.0 2113.0 2126.0 2136.0 2114.0 2106.0 2093.0 2099.0 2109.0 2077.0 2079.0 2086.0 2085.0 2103.0 2097.0 1879.0 1693.0 1693.0 1835.0 1973.0 2042.0 2060.0 2070.0 2062.0 2070.0 2059.0 2050.0 2041.0 1878.0 1861.0 1864.0 1869.0 1866.0 1853.0 1844.0 1837.0 1834.0 1826.0 1819.0 1815.0 1813.0 1804.0 1786.0 1774.0 1787.0 1773.0 1720.0
1872.0 1739.0 1706.0 1806.0 1870.0 1948.0 2028.0 1904.0 1812.0 1846.0 1942.0 1822.0 1790.0 1929.0 1983.0 2040.0 2052.0 1988.0 2026.0 1906.0 2043.0 2037.0 2075.0 2054.0 2010.0 2019.0 2009.0 2072.0 2220.0 2195.0 2039.0 2164.0 2092.0 2128.0 2074.0 2048.0 2081.0 2101.0 2086.0 2082.0 2092.0 2106.0 2074.0 2052.0 2055.0 2085.0 2095.0 1894.0 1609.0 1552.0 1565.0 1621.0 1803.0 2028.0 2056.0 2065.0 2075.0 2072.0 2082.0 2093.0 2044.0 1730.0 1555.0 1565.0 1720.0 1739.0 1723.0 1646.0 1678.0 1674.0 1653.0 1628.0 1624.0 1633.0 1631.0 1625.0 1628.0 1619.0 1611.0 1603.0
1967.0 1919.0 1708.0 1695.0 1781.0 1950.0 1968.0 1769.0 1749.0 1817.0 1939.0 1842.0 1828.0 1931.0 1942.0 1975.0 2047.0 1982.0 1942.0 1909.0 2047.0 2035.0 2010.0 2021.0 2045.0 2043.0 2003.0 2024.0 2004.0 2033.0 2129.0 2154.0 2054.0 2124.0 2028.0 2029.0 2078.0 2036.0 2059.0 2085.0 2099.0 2119.0 2071.0 2022.0 2036.0 2064.0 1957.0 1585.0 1409.0 1361.0 1408.0 1412.0 1549.0 1758.0 1824.0 1889.0 1906.0 1908.0 2002.0 2006.0 2018.0 1728.0 1406.0 1407.0 1588.0 1739.0 1720.0 1633.0 1582.0 1534.0 1481.0 1491.0 1488.0 1490.0 1489.0 1485.0 1485.0 1482.0 1478.0 1481.0
1989.0 2011.0 1854.0 1654.0 1721.0 1949.0 1946.0 1750.0 1749.0 1872.0 1946.0 1767.0 1886.0 2044.0 2002.0 1952.0 1986.0 2004.0 2032.0 2099.0 2127.0 2037.0 2024.0 2025.0 2010.0 2009.0 2037.0 2059.0 1888.0 2026.0 2130.0 2113.0 2060.0 2121.0 2110.0 2106.0 2080.0 2085.0 2110.0 2123.0 2115.0 2110.0 2056.0 2023.0 2022.0 1886.0 1617.0 1308.0 1307.0 1302.0 1299.0 1289.0 1275.0 1289.0 1277.0 1250.0 1272.0 1309.0 1339.0 1535.0 1774.0 1752.0 1555.0 1401.0 1395.0 1592.0 1701.0 1632.0 1580.0 1527.0 1458.0 1414.0 1341.0 1315.0 1310.0 1344.0 1341.0 1340.0 1346.0 1359.0
1772.0 1918.0 1881.0 1684.0 1738.0 1917.0 1903.0 1751.0 1824.0 1882.0 1825.0 1829.0 1968.0 2018.0 1995.0 1978.0 2048.0 2046.0 2014.0 1914.0 2015.0 1896.0 2000.0 2034.0 2011.0 2009.0 2056.0 2097.0 2065.0 2014.0 2145.0 2104.0 2035.0 2040.0 2071.0 2037.0 2146.0 2106.0 2092.0 2084.0 2067.0 2064.0 2076.0 2071.0 2016.0 1759.0 1461.0 1302.0 1305.0 1259.0 1173.0 1158.0 1184.0 1137.0 1065.0 1061.0 1053.0 1063.0 1101.0 1170.0 1397.0 1726.0 1713.0 1406.0 1307.0 1414.0 1591.0 1630.0 1576.0 1523.0 1463.0 1414.0 1332.0 1287.0 1252.0 1233.0 1196.0 1182.0 1225.0 1233.0
2074.0 2007.0 1879.0 2022.0 1986.0 1882.0 1863.0 1789.0 1949.0 1883.0 1784.0 1861.0 1913.0 1926.0 1902.0 1948.0 2041.0 2025.0 2042.0 1919.0 2003.0 2016.0 2008.0 2010.0 2007.0 2013.0 2094.0 2118.0 2052.0 2199.0 2083.0 2102.0 2017.0 2043.0 2028.0 2037.0 2082.0 2104.0 2068.0 2065.0 2081.0 2068.0 2073.0 2082.0 1843.0 1397.0 1236.0 1242.0 1233.0 1153.0 1163.0 1148.0 1096.0 1040.0 1018.0 1027.0 1020.0 1015.0 1013.0 1053.0 1198.0 1472.0 1713.0 1455.0 1262.0 1250.0 1445.0 1540.0 1561.0 1514.0 1461.0 1411.0 1329.0 1285.0 1259.0 1234.0 1178.0 1153.0 1131.0 1084.0
1984.0 1873.0 1746.0 1955.0 1988.0 1951.0 1869.0 1822.0 1987.0 1957.0 1817.0 1831.0 1903.0 1915.0 1904.0 1945.0 1991.0 2005.0 1940.0 1911.0 2031.0 1933.0 2006.0 2006.0 2013.0 2043.0 2051.0 2015.0 2011.0 2122.0 2043.0 2104.0 2068.0 2132.0 2126.0 2029.0 2080.0 2044.0 2045.0 2057.0 2058.0 2042.0 2074.0 2057.0 1577.0 1223.0 1241.0 1243.0 1226.0 1145.0 1117.0 1097.0 1003.0 926.0 985.0 1020.0 1020.0 1013.0 990.0 994.0 996.0 1193.0 1406.0 1406.0 1248.0 1237.0 1220.0 1408.0 1529.0 1511.0 1457.0 1411.0 1331.0 1285.0 1256.0 1232.0 1174.0 1147.0 1126.0 1066.0
1877.0 1903.0 2015.0 2003.0 1928.0 1835.0 1744.0 1425.0 1934.0 1957.0 1798.0 1776.0 1974.0 1901.0 1931.0 1945.0 1973.0 1988.0 1925.0 1927.0 2094.0 1962.0 1975.0 1970.0 2010.0 2030.0 2038.0 2039.0 2003.0 2016.0 2070.0 2105.0 2094.0 2104.0 2034.0 2044.0 2045.0 2067.0 2094.0 2103.0 2080.0 2050.0 1653.0 1215.0 1176.0 1174.0 1221.0 1230.0 1195.0 995.0 909.0 898.0 891.0 891.0 896.0 900.0 918.0 933.0 981.0 994.0 964.0 922.0 943.0 1115.0 1192.0 1203.0 1220.0 1361.0 1476.0 1477.0 1448.0 1410.0 1331.0 1286.0 1251.0 1219.0 1167.0 1148.0 1126.0 1063.0
1785.0 1910.0 2004.0 2207.0 1982.0 1827.0 1744.0 1425.0 1763.0 1823.0 1786.0 1835.0 1968.0 1857.0 1909.0 1941.0 1973.0 1991.0 1995.0 1927.0 2025.0 1991.0 2014.0 2001.0 2010.0 1994.0 1984.0 2020.0 2028.0 1982.0 2040.0 1994.0 2097.0 2084.0 2011.0 2036.0 2054.0 2022.0 2084.0 2100.0 2071.0 2041.0 1653.0 1215.0 1165.0 1166.0 1186.0 1139.0 897.0 885.0 897.0 897.0 889.0 890.0 891.0 886.0 896.0 908.0 870.0 874.0 879.0 899.0 896.0 893.0 1025.0 1143.0 1111.0 1143.0 1341.0 1443.0 1439.0 1412.0 1330.0 1285.0 1239.0 1195.0 1168.0 1149.0 1119.0 1053.0
1879.0 2007.0 2029.0 1912.0 1919.0 1967.0 1885.0 1602.0 1760.0 1843.0 1862.0 1835.0 1751.0 1845.0 1896.0 1939.0 1966.0 1976.0 1961.0 1927.0 2002.0 1923.0 2036.0 2058.0 2016.0 2011.0 1998.0 1997.0 2019.0 2018.0 2085.0 2103.0 2034.0 2053.0 2051.0 2034.0 2022.0 2022.0 2034.0 2101.0 2087.0 1895.0 1427.0 1115.0 1149.0 1160.0 1148.0 905.0 872.0 892.0 894.0 871.0 882.0 887.0 886.0 879.0 868.0 846.0 841.0 852.0 869.0 896.0 896.0 893.0 877.0 914.0 1026.0 1027.0 1164.0 1338.0 1405.0 1386.0 1326.0 1280.0 1255.0 1217.0 1158.0 1141.0 1121.0 1058.0
1791.0 1892.0 2017.0 2021.0 1892.0 1868.0 1866.0 1623.0 1913.0 1894.0 1880.0 1821.0 1620.0 1918.0 1903.0 1886.0 1813.0 1805.0 1913.0 1929.0 2002.0 1876.0 2021.0 2063.0 2050.0 2006.0 1972.0 1990.0 2007.0 2018.0 2089.0 2032.0 1999.0 2065.0 2050.0 2034.0 2027.0 2045.0 2087.0 2018.0 2040.0 1674.0 1238.0 1101.0 1114.0 1082.0 955.0 863.0 877.0 879.0 819.0 831.0 850.0 850.0 838.0 833.0 824.0 836.0 865.0 861.0 848.0 828.0 856.0 751.0 730.0 818.0 922.0 924.0 959.0 1183.0 1356.0 1347.0 1331.0 1279.0 1248.0 1213.0 1158.0 1142.0 1118.0 1059.0
1660.0 1755.0 1892.0 1981.0 1861.0 1747.0 1686.0 1662.0 1790.0 1874.0 1875.0 1863.0 1873.0 1895.0 2060.0 2071.0 1754.0 1713.0 1848.0 1852.0 1982.0 1948.0 2032.0 2061.0 2048.0 1979.0 1971.0 2012.0 2014.0 1984.0 2003.0 2006.0 2017.0 2062.0 1997.0 2067.0 2031.0 2006.0 2023.0 1984.0 1915.0 1379.0 1082.0 1099.0 978.0 877.0 850.0 854.0 858.0 814.0 813.0 818.0 806.0 810.0 825.0 825.0 795.0 806.0 861.0 871.0 864.0 828.0 716.0 595.0 595.0 686.0 806.0 821.0 840.0 1003.0 1227.0 1341.0 1332.0 1280.0 1234.0 1199.0 1154.0 1131.0 1095.0 1055.0
1685.0 1770.0 1841.0 1892.0 1894.0 1755.0 1693.0 1703.0 1666.0 1889.0 1941.0 1926.0 1953.0 2014.0 2060.0 1886.0 1836.0 1874.0 1942.0 1923.0 1892.0 2001.0 2029.0 2043.0 2000.0 1980.0 1988.0 2035.0 2022.0 1959.0 1989.0 2037.0 2026.0 2053.0 2000.0 2028.0 2043.0 2001.0 1951.0 1948.0 1586.0 1223.0 1044.0 1027.0 896.0 854.0 849.0 851.0 832.0 804.0 813.0 796.0 791.0 802.0 763.0 741.0 778.0 801.0 828.0 841.0 795.0 627.0 599.0 593.0 595.0 657.0 806.0 821.0 836.0 813.0 994.0 1206.0 1315.0 1278.0 1226.0 1204.0 1148.0 1138.0 1100.0 1050.0
1681.0 1787.0 1841.0 1835.0 1987.0 1862.0 1713.0 1654.0 1658.0 1845.0 1942.0 1987.0 2050.0 1947.0 1868.0 1826.0 1832.0 1807.0 1836.0 1927.0 2004.0 1954.0 2039.0 1982.0 1977.0 1958.0 1973.0 2042.0 2025.0 1950.0 2001.0 2082.0 2033.0 2074.0 1989.0 1931.0 2023.0 1914.0 1994.0 2019.0 1496.0 1196.0 999.0 1017.0 889.0 839.0 848.0 843.0 790.0 788.0 785.0 781.0 777.0 751.0 731.0 730.0 762.0 795.0 818.0 717.0 572.0 524.0 527.0 592.0 595.0 636.0 666.0 690.0 793.0 796.0 823.0 1045.0 1251.0 1278.0 1227.0 1206.0 1158.0 1138.0 1102.0 1055.0
1854.0 1926.0 1687.0 1602.0 1987.0 1862.0 1719.0 1704.0 1728.0 1900.0 1943.0 1929.0 1872.0 1881.0 2245.0 1889.0 1923.0 1922.0 1852.0 1843.0 1881.0 1869.0 1991.0 1979.0 1960.0 1940.0 1975.0 2043.0 2019.0 1973.0 2013.0 2004.0 1998.0 2059.0 1997.0 1931.0 2005.0 1813.0 1976.0 2002.0 1679.0 1223.0 989.0 860.0 791.0 774.0 775.0 754.0 762.0 774.0 770.0 760.0 748.0 742.0 727.0 726.0 754.0 794.0 767.0 608.0 569.0 564.0 598.0 594.0 595.0 542.0 552.0 595.0 701.0 794.0 799.0 828.0 1071.0 1246.0 1200.0 1182.0 1142.0 1119.0 1095.0 1061.0
1865.0 1810.0 1687.0 1674.0 1671.0 1858.0 1879.0 1778.0 1670.0 1850.0 1842.0 1921.0 1867.0 1711.0 1898.0 1868.0 1905.0 1863.0 1829.0 1929.0 2096.0 2006.0 1821.0 2055.0 1953.0 1978.0 2022.0 2008.0 2018.0 2034.0 2000.0 1908.0 1963.0 1971.0 2000.0 1999.0 2048.0 1879.0 1959.0 1981.0 1861.0 1382.0 993.0 822.0 774.0 753.0 742.0 741.0 748.0 746.0 749.0 743.0 738.0 738.0 720.0 706.0 737.0 790.0 701.0 605.0 587.0 613.0 599.0 589.0 517.0 503.0 503.0 517.0 549.0 671.0 793.0 801.0 950.0 1184.0 1193.0 1164.0 1138.0 1120.0 1091.0 1051.0
1771.0 1778.0 1920.0 1957.0 1890.0 1759.0 1877.0 1699.0 1422.0 1691.0 1825.0 1932.0 1806.0 1588.0 1791.0 1907.0 1852.0 1796.0 1838.0 1932.0 1903.0 1835.0 1822.0 1841.0 2081.0 2049.0 1977.0 2043.0 2048.0 2027.0 1999.0 1922.0 1957.0 1996.0 1928.0 2123.0 2093.0 1996.0 2003.0 1951.0 1839.0 1387.0 990.0 815.0 769.0 749.0 740.0 739.0 738.0 733.0 734.0 739.0 737.0 730.0 712.0 696.0 713.0 712.0 662.0 608.0 584.0 528.0 502.0 498.0 497.0 499.0 494.0 507.0 527.0 666.0 793.0 800.0 803.0 1022.0 1198.0 1173.0 1137.0 1109.0 1092.0 1040.0
1750.0 1711.0 1686.0 1788.0 1859.0 1393.0 1888.0 1900.0 1718.0 1846.0 1847.0 1853.0 1739.0 1711.0 1869.0 1908.0 1834.0 1803.0 1854.0 1858.0 1806.0 1833.0 1873.0 1832.0 2043.0 1965.0 2025.0 2045.0 1973.0 1980.0 2020.0 1905.0 1863.0 2012.0 1923.0 2123.0 2045.0 1874.0 1990.0 1862.0 1862.0 1660.0 1020.0 813.0 769.0 750.0 741.0 738.0 733.0 731.0 729.0 731.0 726.0 706.0 696.0 688.0 681.0 680.0 656.0 610.0 579.0 518.0 504.0 499.0 500.0 504.0 530.0 587.0 604.0 658.0 741.0 800.0 802.0 979.0 1185.0 1168.0 1136.0 1103.0 1093.0 1037.0
1762.0 1773.0 1678.0 1722.0 1671.0 1632.0 1865.0 1900.0 1881.0 1691.0 1687.0 1762.0 1829.0 1890.0 1883.0 1809.0 1907.0 1858.0 1824.0 1839.0 1805.0 1753.0 1878.0 1854.0 1783.0 1977.0 2033.0 1978.0 1967.0 1955.0 1924.0 1905.0 1877.0 1926.0 1928.0 1973.0 2045.0 1808.0 1907.0 1860.0 1888.0 1847.0 1146.0 815.0 766.0 748.0 741.0 737.0 732.0 728.0 723.0 720.0 711.0 693.0 693.0 688.0 677.0 674.0 654.0 610.0 566.0 514.0 503.0 499.0 500.0 517.0 555.0 600.0 613.0 636.0 706.0 800.0 801.0 975.0 1179.0 1156.0 1135.0 1100.0 1089.0 1037.0
1811.0 1964.0 1807.0 1684.0 1534.0 1523.0 1878.0 1731.0 1718.0 1883.0 2020.0 1978.0 1935.0 1906.0 1880.0 1790.0 1958.0 1803.0 1844.0 1854.0 1804.0 1831.0 1912.0 1795.0 1783.0 2052.0 1910.0 1855.0 1889.0 1931.0 1945.0 1918.0 1892.0 1927.0 1923.0 1975.0 1896.0 1872.0 1928.0 1860.0 1854.0 1847.0 1302.0 873.0 765.0 747.0 741.0 736.0 731.0 722.0 713.0 704.0 697.0 688.0 688.0 687.0 673.0 672.0 656.0 609.0 535.0 511.0 502.0 498.0 505.0 528.0 518.0 510.0 519.0 530.0 564.0 794.0 802.0 982.0 1174.0 1151.0 1134.0 1098.0 1089.0 1036.0
1652.0 1741.0 1807.0 1682.0 1487.0 1413.0 1732.0 1714.0 1835.0 1852.0 1808.0 1853.0 1741.0 1952.0 1990.0 1809.0 1957.0 1802.0 1855.0 1914.0 1909.0 1848.0 1910.0 1840.0 1979.0 1963.0 2033.0 1975.0 1983.0 2018.0 1938.0 1892.0 1897.0 2022.0 2039.0 1869.0 1853.0 1808.0 2002.0 1850.0 1822.0 1848.0 1616.0 1006.0 765.0 748.0 739.0 734.0 729.0 720.0 711.0 700.0 693.0 687.0 682.0 682.0 665.0 651.0 650.0 612.0 530.0 511.0 502.0 501.0 542.0 536.0 485.0 443.0 434.0 437.0 542.0 645.0 797.0 977.0 1168.0 1153.0 1135.0 1100.0 1089.0 1034.0
2078.0 1964.0 1593.0 1784.0 1531.0 1414.0 1613.0 1759.0 1839.0 1851.0 1807.0 1762.0 1935.0 1946.0 1871.0 1898.0 2121.0 1985.0 1793.0 1951.0 1984.0 1857.0 1772.0 1786.0 1979.0 1917.0 1910.0 1855.0 1889.0 1918.0 1944.0 1948.0 1895.0 1856.0 1930.0 1969.0 1872.0 1803.0 1904.0 1860.0 1828.0 1847.0 1791.0 1006.0 767.0 755.0 739.0 732.0 728.0 719.0 711.0 701.0 695.0 688.0 680.0 678.0 655.0 613.0 642.0 616.0 529.0 510.0 507.0 530.0 555.0 543.0 485.0 442.0 434.0 437.0 449.0 500.0 698.0 866.0 1135.0 1152.0 1137.0 1097.0 1089.0 1033.0
