2382.0 2129.0 1880.0 2091.0 2128.0 2201.0 2299.0 2250.0 2364.0 2367.0 2365.0 2252.0 2357.0 2363.0 2250.0 2130.0 2320.0 2256.0 2201.0 2134.0 2102.0 2083.0 2095.0 2268.0 2268.0 2107.0 1727.0 1530.0 1511.0 1514.0 1527.0 1530.0 1537.0 1680.0 1746.0 1668.0 1728.0 1714.0 1771.0 1624.0 1348.0 1451.0 2021.0 2204.0 2161.0 2163.0 2229.0 2218.0 2244.0 2181.0 2171.0 2214.0 2219.0 2230.0 2227.0 2195.0 2220.0 2252.0 2222.0 2199.0 2206.0 2203.0 2174.0 2162.0 2173.0 2168.0 2171.0 2146.0 2150.0 2181.0 2175.0 2167.0 2179.0 2007.0 1965.0 1942.0 1936.0 1904.0 1892.0 1810.0
2578.0 2398.0 2102.0 2180.0 2122.0 2115.0 2200.0 2140.0 2341.0 2364.0 2112.0 2339.0 2272.0 2145.0 2195.0 2278.0 2297.0 2131.0 2170.0 2271.0 2277.0 2144.0 2077.0 2232.0 2082.0 2258.0 1938.0 1623.0 1531.0 1549.0 1564.0 1616.0 1630.0 1781.0 1989.0 1989.0 1846.0 1790.0 1806.0 1441.0 1410.0 1459.0 1959.0 2186.0 2208.0 2212.0 2204.0 2209.0 2202.0 2199.0 2196.0 2220.0 2231.0 2259.0 2248.0 2229.0 2287.0 2237.0 2190.0 2172.0 2192.0 2168.0 2182.0 2178.0 2146.0 2139.0 2174.0 2154.0 2138.0 2171.0 2172.0 2135.0 2130.0 2078.0 2072.0 2039.0 1908.0 1897.0 1897.0 1818.0
2336.0 2314.0 2346.0 2219.0 2122.0 2115.0 2213.0 2146.0 2201.0 2264.0 2112.0 2222.0 2382.0 2375.0 2262.0 2274.0 2294.0 2131.0 2174.0 2285.0 2306.0 2258.0 2077.0 2131.0 2082.0 2155.0 2257.0 1924.0 1630.0 1549.0 1568.0 1621.0 1632.0 1861.0 2143.0 2132.0 2046.0 2045.0 1806.0 1444.0 1423.0 1465.0 1933.0 2190.0 2235.0 2241.0 2213.0 2217.0 2217.0 2214.0 2198.0 2216.0 2230.0 2255.0 2249.0 2232.0 2227.0 2218.0 2197.0 2182.0 2134.0 2176.0 2189.0 2211.0 2146.0 2139.0 2195.0 2193.0 2159.0 2186.0 2172.0 2133.0 2132.0 2114.0 2052.0 2029.0 1938.0 1873.0 1896.0 1802.0
2335.0 2321.0 2257.0 2234.0 2165.0 2195.0 2244.0 2153.0 2196.0 2356.0 2297.0 2137.0 2140.0 2259.0 2278.0 2276.0 2246.0 2193.0 2218.0 2299.0 2311.0 2258.0 2243.0 2131.0 2301.0 2298.0 2257.0 2174.0 1889.0 1654.0 1664.0 1688.0 1749.0 1858.0 2143.0 2187.0 2152.0 2160.0 1943.0 1441.0 1436.0 1494.0 1929.0 2208.0 2237.0 2241.0 2228.0 2231.0 2261.0 2246.0 2211.0 2210.0 2223.0 2240.0 2243.0 2235.0 2228.0 2237.0 2233.0 2207.0 2226.0 2200.0 2214.0 2252.0 2225.0 2211.0 2210.0 2195.0 2158.0 2199.0 2235.0 2141.0 2158.0 2119.0 2048.0 1983.0 1996.0 1864.0 1851.0 1795.0
2251.0 2317.0 2113.0 2156.0 2309.0 2308.0 2242.0 2152.0 2205.0 2499.0 2297.0 2132.0 2138.0 2268.0 2279.0 2143.0 2241.0 2195.0 2216.0 2242.0 2285.0 2364.0 2362.0 2213.0 2331.0 2149.0 2157.0 2170.0 2030.0 1783.0 1668.0 1706.0 1771.0 1840.0 1989.0 2142.0 2154.0 2161.0 1953.0 1535.0 1494.0 1742.0 2122.0 2228.0 2233.0 2244.0 2229.0 2229.0 2222.0 2216.0 2257.0 2277.0 2279.0 2248.0 2204.0 2223.0 2230.0 2230.0 2202.0 2207.0 2226.0 2207.0 2224.0 2229.0 2344.0 2337.0 2195.0 2194.0 2195.0 2213.0 2244.0 2149.0 2141.0 2102.0 2043.0 2019.0 2019.0 1866.0 1850.0 1795.0
2221.0 2126.0 2082.0 1921.0 1921.0 2085.0 2123.0 2185.0 2321.0 2286.0 2112.0 2140.0 2150.0 2247.0 2262.0 2049.0 2239.0 2186.0 2105.0 2157.0 2199.0 2164.0 2164.0 2277.0 2247.0 2147.0 2161.0 2175.0 2155.0 1999.0 1760.0 1710.0 1769.0 1854.0 1917.0 2106.0 2166.0 2152.0 2089.0 1803.0 1803.0 2057.0 2191.0 2210.0 2219.0 2242.0 2232.0 2244.0 2218.0 2203.0 2217.0 2251.0 2280.0 2253.0 2237.0 2235.0 2223.0 2233.0 2232.0 2213.0 2182.0 2192.0 2279.0 2292.0 2311.0 2277.0 2196.0 2256.0 2227.0 2199.0 2234.0 2174.0 2158.0 2083.0 2050.0 2034.0 2024.0 1865.0 1868.0 1795.0
2239.0 2105.0 2087.0 2083.0 2018.0 2194.0 2286.0 2455.0 2455.0 2240.0 2156.0 2266.0 2269.0 2211.0 2250.0 2144.0 2240.0 2297.0 2295.0 2212.0 2180.0 2136.0 2231.0 2252.0 2167.0 2157.0 2162.0 2170.0 2156.0 1999.0 1874.0 1772.0 1808.0 1858.0 1924.0 2108.0 2200.0 2158.0 2200.0 2121.0 2121.0 2214.0 2235.0 2217.0 2235.0 2247.0 2234.0 2245.0 2239.0 2208.0 2257.0 2280.0 2237.0 2232.0 2229.0 2226.0 2252.0 2266.0 2305.0 2297.0 2195.0 2197.0 2233.0 2241.0 2242.0 2212.0 2200.0 2173.0 2159.0 2158.0 2090.0 2157.0 2161.0 2108.0 2065.0 1976.0 1953.0 1859.0 1869.0 1796.0
2266.0 2286.0 2126.0 2081.0 2195.0 2319.0 2258.0 2190.0 2326.0 2269.0 2326.0 2344.0 2314.0 2384.0 2250.0 2353.0 2257.0 2286.0 2304.0 2288.0 2200.0 2296.0 2215.0 2221.0 2164.0 2185.0 2181.0 2166.0 2158.0 2150.0 2098.0 1937.0 1845.0 1896.0 2025.0 2109.0 2185.0 2200.0 2219.0 2238.0 2237.0 2222.0 2211.0 2222.0 2249.0 2247.0 2241.0 2245.0 2234.0 2211.0 2224.0 2216.0 2187.0 2205.0 2213.0 2218.0 2225.0 2227.0 2265.0 2293.0 2272.0 2219.0 2211.0 2282.0 2266.0 2275.0 2297.0 2284.0 2176.0 2092.0 2089.0 2150.0 2155.0 2095.0 2063.0 1977.0 1950.0 1866.0 1867.0 1795.0
2263.0 2133.0 2136.0 2168.0 2196.0 2235.0 2176.0 2063.0 2068.0 2218.0 2302.0 2274.0 2270.0 2305.0 2125.0 2143.0 2144.0 2413.0 2438.0 2165.0 2189.0 2364.0 2205.0 2288.0 2257.0 2243.0 2252.0 2242.0 2198.0 2158.0 2155.0 2108.0 1991.0 2070.0 2080.0 2113.0 2171.0 2262.0 2261.0 2244.0 2248.0 2284.0 2263.0 2244.0 2259.0 2272.0 2264.0 2245.0 2240.0 2243.0 2227.0 2209.0 2197.0 2216.0 2226.0 2241.0 2262.0 2231.0 2209.0 2207.0 2182.0 2197.0 2266.0 2243.0 2261.0 2304.0 2278.0 2170.0 2150.0 2181.0 2259.0 2257.0 2152.0 2082.0 2045.0 1989.0 1949.0 1876.0 1866.0 1794.0
2376.0 2158.0 2142.0 2221.0 2198.0 2201.0 2174.0 2160.0 2068.0 2172.0 2155.0 2114.0 2116.0 2246.0 2247.0 2225.0 2237.0 2246.0 2199.0 2158.0 2297.0 2293.0 2195.0 2276.0 2261.0 2250.0 2269.0 2284.0 2196.0 2147.0 2134.0 2153.0 2152.0 2091.0 2080.0 2126.0 2158.0 2264.0 2257.0 2241.0 2237.0 2253.0 2246.0 2219.0 2248.0 2252.0 2237.0 2245.0 2251.0 2250.0 2221.0 2220.0 2218.0 2242.0 2231.0 2228.0 2249.0 2233.0 2212.0 2196.0 2178.0 2202.0 2272.0 2281.0 2281.0 2280.0 2280.0 2269.0 2180.0 2091.0 2093.0 2173.0 2158.0 2076.0 2034.0 1975.0 1953.0 1901.0 1866.0 1796.0
2373.0 2356.0 2317.0 2143.0 2197.0 2303.0 2287.0 2204.0 2236.0 2173.0 2295.0 2346.0 2162.0 2304.0 2314.0 2228.0 2194.0 2166.0 2199.0 2200.0 2213.0 2204.0 2193.0 2329.0 2314.0 2241.0 2249.0 2283.0 2202.0 2150.0 2166.0 2219.0 2234.0 2126.0 2125.0 2127.0 2153.0 2263.0 2247.0 2239.0 2238.0 2262.0 2296.0 2247.0 2221.0 2248.0 2238.0 2242.0 2241.0 2203.0 2204.0 2234.0 2276.0 2235.0 2192.0 2226.0 2237.0 2215.0 2239.0 2268.0 2265.0 2243.0 2274.0 2268.0 2238.0 2213.0 2206.0 2254.0 2218.0 2205.0 2228.0 2199.0 2155.0 2100.0 2078.0 1995.0 1946.0 1900.0 1860.0 1761.0
2290.0 2356.0 2317.0 2054.0 2162.0 2293.0 2328.0 2262.0 2346.0 2221.0 2201.0 2171.0 2096.0 2309.0 2310.0 2227.0 2112.0 2159.0 2297.0 2276.0 2212.0 2204.0 2219.0 2327.0 2336.0 2249.0 2201.0 2235.0 2243.0 2237.0 2223.0 2230.0 2234.0 2205.0 2138.0 2134.0 2162.0 2238.0 2244.0 2244.0 2241.0 2292.0 2285.0 2251.0 2243.0 2235.0 2239.0 2245.0 2243.0 2245.0 2232.0 2229.0 2219.0 2220.0 2221.0 2234.0 2245.0 2213.0 2216.0 2260.0 2268.0 2213.0 2207.0 2238.0 2264.0 2228.0 2222.0 2206.0 2191.0 2196.0 2212.0 2196.0 2156.0 2095.0 2072.0 1989.0 1941.0 1888.0 1860.0 1763.0
2224.0 2156.0 2149.0 2191.0 2163.0 2137.0 2115.0 2063.0 2237.0 2219.0 2220.0 2250.0 2237.0 2190.0 2206.0 2226.0 2199.0 2236.0 2296.0 2236.0 2220.0 2287.0 2253.0 2254.0 2288.0 2246.0 2185.0 2172.0 2194.0 2237.0 2164.0 2226.0 2163.0 2173.0 2144.0 2154.0 2154.0 2262.0 2250.0 2243.0 2238.0 2255.0 2246.0 2244.0 2262.0 2268.0 2238.0 2232.0 2240.0 2245.0 2234.0 2242.0 2244.0 2225.0 2236.0 2233.0 2258.0 2258.0 2223.0 2243.0 2248.0 2213.0 2214.0 2248.0 2273.0 2275.0 2227.0 2172.0 2170.0 2189.0 2181.0 2191.0 2161.0 2099.0 2074.0 1998.0 1941.0 1877.0 1862.0 1789.0
2181.0 2124.0 2044.0 2130.0 2043.0 2028.0 2075.0 2204.0 2236.0 2196.0 2269.0 2371.0 2154.0 2190.0 2190.0 2229.0 2249.0 2244.0 2282.0 2270.0 2293.0 2274.0 2250.0 2242.0 2251.0 2191.0 2148.0 2225.0 2187.0 2137.0 2129.0 2248.0 2129.0 2130.0 2121.0 2141.0 2151.0 2233.0 2244.0 2240.0 2242.0 2256.0 2242.0 2236.0 2233.0 2229.0 2224.0 2219.0 2240.0 2250.0 2269.0 2254.0 2257.0 2250.0 2221.0 2210.0 2214.0 2214.0 2212.0 2205.0 2217.0 2216.0 2213.0 2237.0 2222.0 2204.0 2214.0 2197.0 2192.0 2183.0 2170.0 2187.0 2162.0 2098.0 2028.0 1986.0 1930.0 1877.0 1856.0 1787.0
2227.0 2153.0 1865.0 1865.0 2043.0 2137.0 2233.0 2207.0 2348.0 2328.0 2239.0 2224.0 2243.0 2309.0 2291.0 2233.0 2236.0 2242.0 2275.0 2270.0 2337.0 2204.0 2248.0 2243.0 2243.0 2213.0 2210.0 2279.0 2260.0 2137.0 2163.0 2268.0 2223.0 2191.0 2146.0 2220.0 2241.0 2227.0 2245.0 2247.0 2245.0 2253.0 2293.0 2261.0 2227.0 2235.0 2230.0 2218.0 2238.0 2250.0 2248.0 2233.0 2254.0 2265.0 2228.0 2212.0 2237.0 2258.0 2235.0 2208.0 2231.0 2224.0 2223.0 2239.0 2228.0 2207.0 2211.0 2195.0 2179.0 2166.0 2169.0 2182.0 2159.0 2108.0 2076.0 2001.0 1935.0 1899.0 1849.0 1760.0
2229.0 2151.0 2009.0 2346.0 2376.0 2275.0 2238.0 2169.0 2137.0 2226.0 2265.0 2160.0 2357.0 2326.0 2243.0 2203.0 2179.0 2232.0 2287.0 2176.0 2279.0 2274.0 2256.0 2241.0 2250.0 2248.0 2200.0 2217.0 2260.0 2133.0 2221.0 2251.0 2283.0 2216.0 2117.0 2224.0 2247.0 2229.0 2242.0 2240.0 2236.0 2234.0 2272.0 2224.0 2204.0 2231.0 2228.0 2218.0 2244.0 2247.0 2212.0 2222.0 2252.0 2260.0 2232.0 2222.0 2212.0 2213.0 2228.0 2201.0 2206.0 2225.0 2241.0 2228.0 2207.0 2201.0 2190.0 2196.0 2195.0 2195.0 2205.0 2189.0 2163.0 2109.0 2067.0 1997.0 1936.0 1894.0 1850.0 1775.0
2183.0 2074.0 2048.0 2197.0 2376.0 2371.0 2248.0 2202.0 2137.0 2220.0 2331.0 2231.0 2355.0 2306.0 2169.0 2164.0 2186.0 2210.0 2284.0 2263.0 2273.0 2266.0 2242.0 2248.0 2286.0 2246.0 2146.0 2162.0 2193.0 2135.0 2154.0 2253.0 2298.0 2179.0 2144.0 2278.0 2311.0 2268.0 2247.0 2238.0 2234.0 2226.0 2252.0 2264.0 2243.0 2246.0 2229.0 2220.0 2227.0 2237.0 2270.0 2264.0 2251.0 2255.0 2244.0 2260.0 2261.0 2210.0 2200.0 2215.0 2216.0 2214.0 2214.0 2194.0 2208.0 2203.0 2192.0 2194.0 2192.0 2193.0 2178.0 2171.0 2166.0 2120.0 2059.0 1993.0 1928.0 1844.0 1840.0 1782.0
2190.0 2155.0 2209.0 2204.0 2236.0 2275.0 2284.0 2365.0 2227.0 2215.0 2327.0 2354.0 2247.0 2298.0 2235.0 2236.0 2262.0 2276.0 2266.0 2265.0 2264.0 2135.0 2154.0 2238.0 2233.0 2191.0 2198.0 2233.0 2269.0 2281.0 2275.0 2265.0 2294.0 2260.0 2250.0 2280.0 2242.0 2232.0 2244.0 2238.0 2231.0 2233.0 2249.0 2236.0 2232.0 2248.0 2247.0 2250.0 2254.0 2241.0 2251.0 2278.0 2254.0 2259.0 2256.0 2231.0 2226.0 2222.0 2222.0 2211.0 2217.0 2209.0 2193.0 2191.0 2199.0 2201.0 2201.0 2194.0 2195.0 2175.0 2162.0 2176.0 2166.0 2136.0 2067.0 2002.0 1930.0 1850.0 1851.0 1785.0
2205.0 2161.0 2316.0 2287.0 2240.0 2246.0 2292.0 2365.0 2289.0 2224.0 2266.0 2369.0 2244.0 2298.0 2282.0 2264.0 2254.0 2276.0 2264.0 2176.0 2203.0 2135.0 2154.0 2173.0 2197.0 2205.0 2217.0 2273.0 2221.0 2266.0 2188.0 2260.0 2251.0 2209.0 2245.0 2219.0 2240.0 2281.0 2264.0 2242.0 2250.0 2225.0 2218.0 2230.0 2225.0 2233.0 2250.0 2241.0 2229.0 2203.0 2226.0 2278.0 2246.0 2257.0 2257.0 2251.0 2243.0 2234.0 2230.0 2201.0 2217.0 2213.0 2191.0 2197.0 2206.0 2203.0 2202.0 2195.0 2176.0 2163.0 2162.0 2153.0 2153.0 2122.0 2041.0 1986.0 1937.0 1855.0 1851.0 1789.0
2371.0 2267.0 2214.0 2185.0 2221.0 2273.0 2257.0 2238.0 2285.0 2288.0 2300.0 2335.0 2320.0 2315.0 2279.0 2268.0 2268.0 2238.0 2262.0 2253.0 2276.0 2250.0 2271.0 2251.0 2249.0 2283.0 2267.0 2284.0 2205.0 2283.0 2173.0 2269.0 2263.0 2215.0 2251.0 2281.0 2305.0 2292.0 2284.0 2268.0 2242.0 2237.0 2259.0 2260.0 2251.0 2251.0 2245.0 2216.0 2210.0 2204.0 2204.0 2257.0 2251.0 2254.0 2253.0 2242.0 2218.0 2220.0 2196.0 2196.0 2215.0 2210.0 2190.0 2217.0 2233.0 2205.0 2192.0 2196.0 2191.0 2172.0 2162.0 2155.0 2167.0 2136.0 2051.0 1971.0 1932.0 1861.0 1847.0 1779.0
2371.0 2181.0 2050.0 2081.0 2213.0 2278.0 2114.0 2192.0 2198.0 2218.0 2336.0 2291.0 2203.0 2183.0 2235.0 2266.0 2254.0 2246.0 2256.0 2174.0 2190.0 2237.0 2154.0 2163.0 2199.0 2177.0 2185.0 2213.0 2230.0 2227.0 2273.0 2262.0 2301.0 2287.0 2238.0 2218.0 2240.0 2253.0 2257.0 2255.0 2246.0 2246.0 2243.0 2233.0 2251.0 2254.0 2243.0 2227.0 2218.0 2223.0 2215.0 2211.0 2232.0 2246.0 2249.0 2251.0 2220.0 2205.0 2199.0 2210.0 2213.0 2208.0 2190.0 2191.0 2216.0 2231.0 2197.0 2194.0 2196.0 2165.0 2156.0 2175.0 2166.0 2127.0 2050.0 2008.0 1961.0 1869.0 1853.0 1792.0
2223.0 2032.0 2055.0 2248.0 2280.0 2182.0 1956.0 2162.0 2294.0 2298.0 2274.0 2194.0 2206.0 2204.0 2269.0 2264.0 2203.0 2257.0 2159.0 2355.0 2248.0 2247.0 2247.0 2224.0 2207.0 2217.0 2237.0 2234.0 2214.0 2238.0 2202.0 2258.0 2287.0 2255.0 2242.0 2282.0 2238.0 2253.0 2240.0 2244.0 2254.0 2253.0 2256.0 2242.0 2227.0 2233.0 2224.0 2211.0 2230.0 2244.0 2250.0 2221.0 2243.0 2253.0 2229.0 2245.0 2223.0 2192.0 2202.0 2205.0 2216.0 2217.0 2190.0 2187.0 2194.0 2200.0 2194.0 2194.0 2193.0 2128.0 2130.0 2178.0 2168.0 2123.0 2019.0 1979.0 1955.0 1879.0 1860.0 1796.0
2013.0 2267.0 2239.0 2193.0 2120.0 2094.0 2109.0 2168.0 2277.0 2284.0 2172.0 2245.0 2271.0 2263.0 2273.0 2264.0 2265.0 2350.0 2263.0 2193.0 2193.0 2221.0 2254.0 2254.0 2202.0 2183.0 2223.0 2277.0 2257.0 2181.0 2253.0 2260.0 2260.0 2270.0 2270.0 2205.0 2190.0 2265.0 2277.0 2251.0 2248.0 2252.0 2262.0 2249.0 2235.0 2234.0 2227.0 2228.0 2238.0 2242.0 2236.0 2240.0 2242.0 2251.0 2217.0 2204.0 2226.0 2189.0 2193.0 2205.0 2248.0 2215.0 2189.0 2201.0 2206.0 2201.0 2193.0 2196.0 2177.0 2095.0 2116.0 2181.0 2171.0 2123.0 2027.0 1969.0 1945.0 1884.0 1867.0 1793.0
1993.0 2381.0 2388.0 2261.0 2120.0 2094.0 2244.0 2161.0 2310.0 2443.0 2318.0 2369.0 2306.0 2205.0 2186.0 2174.0 2199.0 2209.0 2134.0 2232.0 2243.0 2234.0 2252.0 2229.0 2216.0 2286.0 2276.0 2216.0 2229.0 2211.0 2187.0 2251.0 2304.0 2276.0 2255.0 2209.0 2197.0 2228.0 2227.0 2215.0 2245.0 2249.0 2259.0 2249.0 2251.0 2256.0 2238.0 2229.0 2238.0 2241.0 2226.0 2229.0 2224.0 2245.0 2251.0 2252.0 2241.0 2220.0 2190.0 2204.0 2244.0 2206.0 2187.0 2229.0 2240.0 2231.0 2190.0 2178.0 2091.0 2094.0 2156.0 2185.0 2170.0 2121.0 2051.0 2008.0 1956.0 1899.0 1867.0 1778.0
2011.0 2381.0 2388.0 2379.0 2254.0 2094.0 2234.0 2290.0 2330.0 2292.0 2155.0 2327.0 2328.0 2292.0 2253.0 2187.0 2168.0 2221.0 2160.0 2295.0 2235.0 2232.0 2267.0 2263.0 2231.0 2227.0 2265.0 2223.0 2221.0 2253.0 2227.0 2256.0 2331.0 2248.0 2225.0 2198.0 2190.0 2221.0 2209.0 2207.0 2252.0 2254.0 2255.0 2249.0 2245.0 2244.0 2227.0 2237.0 2238.0 2241.0 2226.0 2215.0 2221.0 2246.0 2268.0 2263.0 2234.0 2226.0 2203.0 2207.0 2237.0 2226.0 2226.0 2236.0 2232.0 2234.0 2194.0 2169.0 2090.0 2105.0 2162.0 2165.0 2155.0 2118.0 2046.0 2026.0 1964.0 1898.0 1868.0 1781.0
2301.0 1776.0 2060.0 2215.0 2250.0 2225.0 2103.0 2272.0 2261.0 2130.0 2222.0 2238.0 2303.0 2246.0 2218.0 2203.0 2209.0 2322.0 2314.0 2318.0 2233.0 2208.0 2258.0 2248.0 2199.0 2195.0 2229.0 2215.0 2203.0 2265.0 2234.0 2249.0 2272.0 2243.0 2242.0 2219.0 2232.0 2231.0 2229.0 2241.0 2250.0 2251.0 2259.0 2251.0 2236.0 2248.0 2233.0 2236.0 2237.0 2242.0 2217.0 2220.0 2229.0 2243.0 2227.0 2204.0 2218.0 2222.0 2217.0 2208.0 2207.0 2219.0 2224.0 2218.0 2191.0 2183.0 2183.0 2174.0 2171.0 2146.0 2167.0 2183.0 2168.0 2115.0 2023.0 1999.0 1946.0 1894.0 1870.0 1786.0
2007.0 2156.0 2240.0 2214.0 2237.0 2399.0 2194.0 2167.0 2163.0 2129.0 2242.0 2241.0 2213.0 2206.0 2236.0 2241.0 2212.0 2322.0 2318.0 2317.0 2239.0 2227.0 2266.0 2300.0 2244.0 2190.0 2219.0 2214.0 2216.0 2246.0 2228.0 2230.0 2254.0 2241.0 2247.0 2226.0 2230.0 2224.0 2227.0 2242.0 2248.0 2225.0 2229.0 2250.0 2233.0 2237.0 2235.0 2238.0 2239.0 2241.0 2221.0 2223.0 2227.0 2213.0 2230.0 2205.0 2205.0 2194.0 2193.0 2200.0 2187.0 2179.0 2199.0 2203.0 2178.0 2162.0 2184.0 2191.0 2187.0 2148.0 2160.0 2186.0 2158.0 2048.0 2024.0 2012.0 1954.0 1914.0 1878.0 1813.0
2210.0 2148.0 2145.0 2211.0 2224.0 2217.0 2229.0 2171.0 2195.0 2203.0 2180.0 2194.0 2214.0 2218.0 2221.0 2204.0 2198.0 2241.0 2246.0 2291.0 2255.0 2234.0 2272.0 2305.0 2266.0 2229.0 2194.0 2213.0 2268.0 2281.0 2225.0 2213.0 2228.0 2240.0 2241.0 2238.0 2232.0 2229.0 2227.0 2239.0 2251.0 2238.0 2245.0 2261.0 2237.0 2234.0 2234.0 2240.0 2231.0 2226.0 2227.0 2223.0 2226.0 2213.0 2223.0 2212.0 2219.0 2205.0 2184.0 2184.0 2169.0 2178.0 2207.0 2192.0 2190.0 2180.0 2190.0 2201.0 2185.0 2139.0 2134.0 2171.0 2120.0 2035.0 2044.0 2030.0 1960.0 1905.0 1862.0 1769.0
2302.0 2150.0 2119.0 2299.0 2387.0 2288.0 2321.0 2311.0 2300.0 2279.0 2232.0 2236.0 2287.0 2251.0 2221.0 2215.0 2270.0 2203.0 2246.0 2239.0 2234.0 2231.0 2276.0 2306.0 2264.0 2212.0 2190.0 2160.0 2281.0 2283.0 2217.0 2217.0 2223.0 2240.0 2240.0 2240.0 2229.0 2231.0 2236.0 2238.0 2245.0 2265.0 2291.0 2268.0 2235.0 2236.0 2233.0 2236.0 2231.0 2225.0 2226.0 2220.0 2226.0 2228.0 2217.0 2203.0 2228.0 2225.0 2192.0 2199.0 2187.0 2217.0 2219.0 2187.0 2208.0 2201.0 2199.0 2205.0 2182.0 2150.0 2156.0 2142.0 2079.0 2035.0 2023.0 2002.0 1935.0 1856.0 1828.0 1774.0
2520.0 2200.0 2109.0 2210.0 2308.0 2288.0 2387.0 2326.0 2299.0 2276.0 2236.0 2197.0 2215.0 2249.0 2220.0 2212.0 2283.0 2183.0 2241.0 2170.0 2234.0 2240.0 2255.0 2249.0 2258.0 2242.0 2220.0 2160.0 2280.0 2224.0 2218.0 2256.0 2253.0 2239.0 2236.0 2232.0 2227.0 2227.0 2230.0 2238.0 2237.0 2262.0 2284.0 2251.0 2233.0 2233.0 2233.0 2227.0 2231.0 2234.0 2226.0 2219.0 2231.0 2239.0 2229.0 2208.0 2211.0 2200.0 2188.0 2213.0 2209.0 2217.0 2203.0 2184.0 2206.0 2208.0 2215.0 2207.0 2156.0 2145.0 2156.0 2122.0 2064.0 2028.0 2023.0 2021.0 1943.0 1865.0 1864.0 1838.0
2520.0 2199.0 2043.0 2030.0 2208.0 2210.0 2392.0 2290.0 2245.0 2263.0 2207.0 2194.0 2212.0 2243.0 2223.0 2215.0 2226.0 2179.0 2236.0 2172.0 2246.0 2236.0 2220.0 2240.0 2254.0 2250.0 2260.0 2218.0 2219.0 2204.0 2215.0 2272.0 2273.0 2238.0 2234.0 2234.0 2227.0 2224.0 2229.0 2240.0 2228.0 2220.0 2242.0 2247.0 2234.0 2232.0 2230.0 2224.0 2223.0 2219.0 2225.0 2220.0 2234.0 2230.0 2230.0 2211.0 2216.0 2209.0 2201.0 2224.0 2206.0 2204.0 2197.0 2179.0 2195.0 2210.0 2214.0 2204.0 2149.0 2138.0 2136.0 2065.0 2043.0 2029.0 2023.0 2024.0 1948.0 1877.0 1855.0 1800.0
2190.0 2108.0 2043.0 2180.0 2287.0 2285.0 2320.0 2184.0 2169.0 2205.0 2217.0 2302.0 2287.0 2242.0 2291.0 2319.0 2237.0 2171.0 2242.0 2270.0 2244.0 2210.0 2213.0 2250.0 2257.0 2246.0 2264.0 2244.0 2208.0 2202.0 2214.0 2267.0 2257.0 2235.0 2235.0 2240.0 2225.0 2224.0 2237.0 2241.0 2229.0 2221.0 2238.0 2247.0 2236.0 2231.0 2232.0 2226.0 2224.0 2215.0 2227.0 2216.0 2227.0 2217.0 2227.0 2205.0 2223.0 2219.0 2208.0 2224.0 2217.0 2203.0 2194.0 2174.0 2155.0 2174.0 2210.0 2206.0 2173.0 2146.0 2134.0 2021.0 2013.0 2030.0 2020.0 1930.0 1927.0 1862.0 1835.0 1755.0
2005.0 2015.0 2274.0 2299.0 2302.0 2288.0 2255.0 2039.0 2039.0 2135.0 2218.0 2303.0 2286.0 2245.0 2289.0 2319.0 2296.0 2188.0 2222.0 2321.0 2243.0 2223.0 2228.0 2241.0 2248.0 2251.0 2271.0 2243.0 2214.0 2219.0 2232.0 2236.0 2236.0 2222.0 2233.0 2242.0 2226.0 2215.0 2231.0 2236.0 2233.0 2229.0 2237.0 2242.0 2236.0 2235.0 2232.0 2225.0 2232.0 2214.0 2214.0 2195.0 2233.0 2232.0 2224.0 2196.0 2213.0 2179.0 2189.0 2200.0 2192.0 2187.0 2183.0 2163.0 2151.0 2153.0 2174.0 2198.0 2165.0 2143.0 2132.0 2027.0 2014.0 2030.0 2029.0 1877.0 1840.0 1844.0 1838.0 1787.0
2002.0 2147.0 2297.0 2337.0 2306.0 2142.0 2293.0 2282.0 2173.0 2129.0 2210.0 2300.0 2214.0 2241.0 2223.0 2224.0 2295.0 2245.0 2215.0 2322.0 2180.0 2227.0 2262.0 2250.0 2246.0 2250.0 2260.0 2243.0 2208.0 2243.0 2222.0 2222.0 2249.0 2221.0 2233.0 2240.0 2225.0 2218.0 2226.0 2232.0 2226.0 2220.0 2240.0 2238.0 2217.0 2234.0 2231.0 2221.0 2235.0 2210.0 2188.0 2195.0 2235.0 2245.0 2228.0 2198.0 2198.0 2178.0 2186.0 2193.0 2172.0 2197.0 2203.0 2189.0 2176.0 2154.0 2158.0 2170.0 2150.0 2143.0 2134.0 2059.0 2022.0 2024.0 2026.0 1888.0 1840.0 1850.0 1845.0 1799.0
2143.0 2115.0 2177.0 2288.0 2307.0 2113.0 2406.0 2360.0 2284.0 2259.0 2284.0 2302.0 2074.0 2209.0 2224.0 2171.0 2214.0 2230.0 2216.0 2247.0 2156.0 2175.0 2252.0 2279.0 2259.0 2249.0 2206.0 2239.0 2226.0 2227.0 2241.0 2224.0 2252.0 2229.0 2231.0 2236.0 2224.0 2227.0 2231.0 2236.0 2228.0 2222.0 2243.0 2233.0 2204.0 2225.0 2230.0 2195.0 2234.0 2213.0 2198.0 2204.0 2213.0 2218.0 2223.0 2207.0 2220.0 2217.0 2201.0 2185.0 2199.0 2197.0 2201.0 2197.0 2161.0 2154.0 2163.0 2171.0 2160.0 2149.0 2153.0 2139.0 2076.0 2030.0 2027.0 1990.0 1929.0 1875.0 1848.0 1786.0
2004.0 1983.0 2412.0 2337.0 2088.0 1982.0 2291.0 2323.0 2281.0 2250.0 2278.0 2451.0 2166.0 2239.0 2224.0 2190.0 2253.0 2165.0 2181.0 2212.0 2213.0 2213.0 2205.0 2218.0 2244.0 2250.0 2207.0 2199.0 2231.0 2221.0 2212.0 2202.0 2236.0 2216.0 2233.0 2239.0 2223.0 2220.0 2236.0 2247.0 2228.0 2225.0 2244.0 2229.0 2192.0 2209.0 2185.0 2194.0 2232.0 2221.0 2188.0 2202.0 2210.0 2192.0 2187.0 2194.0 2217.0 2220.0 2201.0 2182.0 2171.0 2170.0 2172.0 2151.0 2151.0 2153.0 2160.0 2163.0 2160.0 2149.0 2159.0 2163.0 2119.0 2046.0 2029.0 1987.0 1922.0 1867.0 1839.0 1788.0
2419.0 2465.0 2412.0 2286.0 2196.0 2136.0 2095.0 2219.0 2171.0 2133.0 2253.0 2451.0 2273.0 2252.0 2287.0 2262.0 2259.0 2252.0 2273.0 2343.0 2295.0 2294.0 2281.0 2270.0 2236.0 2247.0 2278.0 2233.0 2233.0 2220.0 2241.0 2236.0 2246.0 2230.0 2230.0 2235.0 2225.0 2218.0 2231.0 2260.0 2232.0 2226.0 2245.0 2231.0 2194.0 2209.0 2194.0 2205.0 2206.0 2215.0 2201.0 2203.0 2187.0 2191.0 2204.0 2194.0 2176.0 2176.0 2181.0 2180.0 2150.0 2180.0 2177.0 2126.0 2154.0 2151.0 2151.0 2151.0 2125.0 2139.0 2151.0 2137.0 2065.0 2043.0 2028.0 1966.0 1919.0 1849.0 1836.0 1788.0
2246.0 1969.0 2320.0 2273.0 2196.0 2309.0 2366.0 2348.0 2282.0 2232.0 2214.0 2198.0 2132.0 2221.0 2242.0 2227.0 2276.0 2408.0 2273.0 2247.0 2190.0 2156.0 2205.0 2219.0 2185.0 2194.0 2209.0 2184.0 2211.0 2185.0 2220.0 2237.0 2246.0 2217.0 2230.0 2236.0 2226.0 2220.0 2224.0 2218.0 2209.0 2230.0 2240.0 2226.0 2254.0 2219.0 2199.0 2214.0 2207.0 2216.0 2199.0 2198.0 2181.0 2195.0 2223.0 2194.0 2174.0 2195.0 2192.0 2184.0 2182.0 2177.0 2165.0 2075.0 2104.0 2041.0 2034.0 2089.0 2083.0 2077.0 2011.0 2026.0 2013.0 2024.0 2021.0 1922.0 1918.0 1854.0 1839.0 1784.0
2139.0 1968.0 2199.0 2136.0 2107.0 2275.0 2287.0 2289.0 2297.0 2271.0 2141.0 2209.0 2167.0 2159.0 2141.0 2178.0 2245.0 2257.0 2336.0 2232.0 2193.0 2011.0 2195.0 2235.0 2211.0 2201.0 2207.0 2243.0 2223.0 2205.0 2269.0 2239.0 2235.0 2216.0 2214.0 2159.0 2147.0 2161.0 2228.0 2230.0 2225.0 2226.0 2190.0 2230.0 2255.0 2214.0 2180.0 2184.0 2198.0 2203.0 2194.0 2193.0 2203.0 2197.0 2208.0 2202.0 2217.0 2183.0 2166.0 2153.0 2143.0 2138.0 2153.0 2059.0 1971.0 1858.0 1847.0 1880.0 1867.0 1862.0 1857.0 1856.0 1858.0 1855.0 1854.0 1831.0 1804.0 1825.0 1803.0 1745.0
2232.0 2191.0 2195.0 2082.0 2063.0 2130.0 2094.0 2218.0 2273.0 2251.0 2261.0 2269.0 2278.0 2156.0 2128.0 2193.0 2253.0 2108.0 2175.0 2260.0 2274.0 2320.0 2288.0 2238.0 2227.0 2223.0 2212.0 2140.0 2227.0 2223.0 2207.0 2196.0 2168.0 2192.0 2198.0 2146.0 2151.0 2160.0 2199.0 2265.0 2251.0 2226.0 2242.0 2232.0 2255.0 2239.0 2186.0 2118.0 2177.0 2168.0 2160.0 2201.0 2198.0 2191.0 2177.0 2191.0 2179.0 2156.0 2146.0 2139.0 2167.0 2141.0 2133.0 2063.0 1971.0 1844.0 1790.0 1735.0 1626.0 1619.0 1680.0 1680.0 1677.0 1679.0 1680.0 1668.0 1656.0 1642.0 1629.0 1608.0
2243.0 2262.0 2190.0 2071.0 2057.0 2099.0 2186.0 2126.0 2133.0 2137.0 2169.0 2213.0 2293.0 2161.0 2253.0 2256.0 2176.0 2258.0 2345.0 2238.0 2235.0 2164.0 2158.0 2205.0 2218.0 2198.0 2158.0 2116.0 2159.0 2294.0 2278.0 2109.0 2238.0 2207.0 2225.0 2215.0 2223.0 2194.0 2176.0 2190.0 2192.0 2162.0 2222.0 2254.0 2255.0 2212.0 2153.0 2118.0 2186.0 2198.0 2158.0 2182.0 2187.0 2193.0 2174.0 2173.0 2159.0 2160.0 2136.0 2112.0 2121.0 2108.0 2090.0 2034.0 1967.0 1835.0 1764.0 1713.0 1602.0 1545.0 1529.0 1520.0 1530.0 1529.0 1525.0 1523.0 1520.0 1520.0 1525.0 1494.0
2243.0 2319.0 2156.0 2068.0 2063.0 2124.0 2337.0 2127.0 2136.0 2223.0 2196.0 2116.0 2253.0 2250.0 2202.0 2175.0 2178.0 2231.0 2337.0 2240.0 2187.0 2211.0 2184.0 2223.0 2253.0 2233.0 2210.0 2159.0 2216.0 2268.0 2216.0 2135.0 2230.0 2218.0 2222.0 2155.0 2219.0 2211.0 2219.0 2209.0 2193.0 2156.0 2165.0 2198.0 2186.0 2211.0 2174.0 2176.0 2210.0 2217.0 2162.0 2131.0 2140.0 2193.0 2217.0 2198.0 2152.0 2119.0 2099.0 2093.0 2110.0 2130.0 2098.0 2033.0 1959.0 1831.0 1745.0 1691.0 1608.0 1548.0 1520.0 1459.0 1381.0 1353.0 1342.0 1380.0 1378.0 1386.0 1395.0 1383.0
2246.0 2323.0 2188.0 2134.0 2144.0 2230.0 2188.0 2152.0 2229.0 2261.0 2260.0 2220.0 2248.0 2283.0 2176.0 2134.0 2166.0 2156.0 2242.0 2338.0 2275.0 2329.0 2219.0 2230.0 2213.0 2202.0 2218.0 2170.0 2222.0 2181.0 2133.0 2155.0 2209.0 2142.0 2147.0 2132.0 2214.0 2192.0 2175.0 2197.0 2199.0 2209.0 2216.0 2191.0 2186.0 2209.0 2181.0 2176.0 2184.0 2155.0 2163.0 2179.0 2134.0 2154.0 2204.0 2208.0 2155.0 2118.0 2094.0 2089.0 2109.0 2131.0 2095.0 2040.0 1961.0 1840.0 1758.0 1694.0 1606.0 1550.0 1512.0 1452.0 1385.0 1341.0 1314.0 1289.0 1224.0 1284.0 1288.0 1271.0
2034.0 2187.0 2465.0 2260.0 2262.0 2235.0 2057.0 2121.0 2132.0 2147.0 2185.0 2268.0 2300.0 2320.0 2252.0 2130.0 2113.0 2102.0 2241.0 2305.0 2278.0 2208.0 2210.0 2225.0 2210.0 2198.0 2152.0 2138.0 2156.0 2130.0 2168.0 2192.0 2223.0 2172.0 2164.0 2208.0 2152.0 2153.0 2190.0 2191.0 2196.0 2214.0 2214.0 2194.0 2186.0 2179.0 2179.0 2185.0 2180.0 2148.0 2156.0 2191.0 2189.0 2153.0 2165.0 2188.0 2163.0 2150.0 2097.0 2097.0 2111.0 2115.0 2096.0 2046.0 1948.0 1831.0 1766.0 1690.0 1604.0 1549.0 1510.0 1463.0 1385.0 1339.0 1315.0 1279.0 1197.0 1169.0 1156.0 1114.0
2252.0 2262.0 2560.0 2352.0 2314.0 2269.0 2059.0 1966.0 1985.0 2045.0 2093.0 2159.0 2248.0 2266.0 2294.0 2207.0 2150.0 2160.0 2232.0 2302.0 2252.0 2203.0 2161.0 2207.0 2243.0 2224.0 2148.0 2087.0 2157.0 2174.0 2077.0 2111.0 2188.0 2180.0 2218.0 2129.0 2153.0 2193.0 2186.0 2185.0 2195.0 2200.0 2180.0 2171.0 2188.0 2209.0 2170.0 2173.0 2188.0 2151.0 2156.0 2180.0 2183.0 2149.0 2155.0 2163.0 2172.0 2160.0 2104.0 2128.0 2154.0 2139.0 2104.0 2054.0 1945.0 1828.0 1770.0 1682.0 1596.0 1550.0 1496.0 1452.0 1385.0 1347.0 1300.0 1248.0 1200.0 1165.0 1149.0 1088.0
2094.0 2124.0 2465.0 2406.0 2517.0 2353.0 1954.0 1966.0 1987.0 2046.0 2094.0 2117.0 2126.0 2176.0 2296.0 2210.0 2186.0 2283.0 2232.0 2262.0 2025.0 2194.0 2208.0 2232.0 2207.0 2206.0 2212.0 2145.0 2156.0 2169.0 2228.0 2164.0 2227.0 2141.0 2160.0 2129.0 2151.0 2204.0 2218.0 2196.0 2195.0 2204.0 2142.0 2150.0 2186.0 2202.0 2183.0 2169.0 2167.0 2141.0 2131.0 2126.0 2131.0 2135.0 2156.0 2178.0 2179.0 2159.0 2087.0 2089.0 2097.0 2115.0 2107.0 2051.0 1943.0 1829.0 1778.0 1677.0 1582.0 1538.0 1486.0 1449.0 1386.0 1339.0 1285.0 1225.0 1200.0 1164.0 1145.0 1082.0
2104.0 2343.0 2560.0 2367.0 2454.0 2323.0 2089.0 2170.0 2228.0 2149.0 2108.0 2165.0 2221.0 2215.0 2252.0 2133.0 2179.0 2285.0 2253.0 2251.0 2005.0 2194.0 2239.0 2233.0 2208.0 2206.0 2190.0 2149.0 2158.0 2084.0 2087.0 2221.0 2215.0 2164.0 2189.0 2216.0 2235.0 2229.0 2219.0 2202.0 2192.0 2197.0 2182.0 2198.0 2187.0 2153.0 2151.0 2147.0 2143.0 2139.0 2146.0 2126.0 2128.0 2162.0 2165.0 2133.0 2158.0 2164.0 2081.0 2035.0 2085.0 2113.0 2106.0 2050.0 1933.0 1822.0 1774.0 1669.0 1599.0 1564.0 1486.0 1444.0 1389.0 1336.0 1275.0 1231.0 1201.0 1169.0 1152.0 1089.0
2365.0 2348.0 2223.0 2277.0 2236.0 2177.0 2253.0 2175.0 2041.0 2136.0 2126.0 2096.0 2144.0 2270.0 2148.0 2127.0 2170.0 2233.0 2236.0 2250.0 2088.0 2212.0 2201.0 2201.0 2205.0 2204.0 2155.0 2140.0 2152.0 2125.0 2162.0 2166.0 2229.0 2165.0 2187.0 2192.0 2238.0 2203.0 2146.0 2169.0 2179.0 2143.0 2137.0 2161.0 2139.0 2146.0 2159.0 2145.0 2146.0 2133.0 2117.0 2127.0 2184.0 2172.0 2143.0 2145.0 2175.0 2144.0 2101.0 2103.0 2106.0 2097.0 2093.0 2045.0 1929.0 1817.0 1777.0 1671.0 1600.0 1562.0 1480.0 1444.0 1385.0 1325.0 1279.0 1230.0 1201.0 1179.0 1152.0 1082.0
2264.0 2123.0 1984.0 1985.0 2288.0 2323.0 2255.0 2346.0 2061.0 2237.0 2284.0 2321.0 2508.0 2213.0 2155.0 2141.0 2172.0 2234.0 2257.0 2251.0 2168.0 2269.0 2162.0 2139.0 2130.0 2142.0 2151.0 2151.0 2186.0 2164.0 2163.0 2131.0 2225.0 2211.0 2182.0 2145.0 2138.0 2120.0 2186.0 2211.0 2199.0 2165.0 2182.0 2201.0 2186.0 2142.0 2136.0 2176.0 2202.0 2144.0 2087.0 2121.0 2124.0 2133.0 2079.0 2047.0 2046.0 2061.0 2076.0 2038.0 2085.0 2115.0 2110.0 2045.0 1932.0 1814.0 1778.0 1684.0 1597.0 1550.0 1471.0 1433.0 1387.0 1343.0 1282.0 1226.0 1204.0 1168.0 1153.0 1081.0
1954.0 1954.0 1984.0 1985.0 2290.0 2174.0 2155.0 2346.0 2265.0 2147.0 2082.0 2093.0 2251.0 2264.0 2231.0 2067.0 2172.0 2334.0 2390.0 2246.0 2189.0 2262.0 2189.0 2128.0 2125.0 2140.0 2122.0 2149.0 2214.0 2159.0 2097.0 2130.0 2214.0 2188.0 2187.0 2172.0 2138.0 2208.0 2215.0 2188.0 2179.0 2127.0 2180.0 2146.0 2183.0 2191.0 2134.0 2119.0 2143.0 2137.0 2130.0 2121.0 2103.0 2096.0 2141.0 2059.0 2061.0 2150.0 2044.0 2015.0 2038.0 2109.0 2114.0 2061.0 1943.0 1812.0 1781.0 1669.0 1575.0 1536.0 1475.0 1434.0 1384.0 1333.0 1273.0 1218.0 1205.0 1185.0 1157.0 1085.0
1954.0 1957.0 2115.0 2279.0 2303.0 2128.0 2088.0 2169.0 2089.0 2153.0 2228.0 2276.0 2258.0 2448.0 2127.0 2291.0 2293.0 2233.0 2120.0 2050.0 2081.0 2221.0 2175.0 2135.0 2204.0 2144.0 2096.0 2142.0 2208.0 2108.0 2099.0 2148.0 2233.0 2161.0 2179.0 2124.0 2138.0 2196.0 2168.0 2156.0 2165.0 2162.0 2154.0 2154.0 2132.0 2131.0 2142.0 2137.0 2139.0 2136.0 2124.0 2118.0 2120.0 2151.0 2153.0 2080.0 2126.0 2172.0 2108.0 2074.0 2081.0 2089.0 2055.0 2040.0 1970.0 1809.0 1778.0 1671.0 1605.0 1564.0 1481.0 1434.0 1390.0 1336.0 1262.0 1216.0 1203.0 1178.0 1154.0 1084.0
2083.0 2201.0 2447.0 2439.0 2277.0 2229.0 2163.0 2092.0 2207.0 2281.0 2338.0 2322.0 2195.0 2207.0 2218.0 2291.0 2164.0 2118.0 2117.0 2134.0 2147.0 2326.0 2149.0 2243.0 2205.0 2140.0 2135.0 2157.0 2142.0 2101.0 2100.0 2144.0 2235.0 2158.0 2158.0 2127.0 2140.0 2132.0 2184.0 2158.0 2168.0 2156.0 2195.0 2199.0 2132.0 2135.0 2110.0 2097.0 2141.0 2134.0 2094.0 2112.0 2120.0 2138.0 2141.0 2137.0 2132.0 2133.0 2069.0 2123.0 2176.0 2102.0 2066.0 2033.0 2024.0 1965.0 1771.0 1689.0 1604.0 1551.0 1480.0 1433.0 1385.0 1335.0 1276.0 1219.0 1206.0 1174.0 1148.0 1081.0
2286.0 2456.0 2447.0 2244.0 2024.0 2235.0 2079.0 1993.0 2235.0 2240.0 2317.0 2324.0 2198.0 1904.0 1904.0 2058.0 2150.0 2241.0 2172.0 2052.0 2177.0 2322.0 2191.0 2258.0 2206.0 2146.0 2225.0 2172.0 2141.0 2153.0 2092.0 2145.0 2221.0 2193.0 2168.0 2168.0 2160.0 2117.0 2224.0 2249.0 2165.0 2128.0 2144.0 2144.0 2114.0 2131.0 2119.0 2120.0 2141.0 2130.0 2080.0 2117.0 2117.0 2066.0 2078.0 2065.0 2049.0 2075.0 2123.0 2109.0 2079.0 2120.0 2126.0 2073.0 2058.0 1975.0 1767.0 1696.0 1604.0 1543.0 1487.0 1428.0 1385.0 1342.0 1277.0 1221.0 1207.0 1170.0 1150.0 1084.0
2536.0 2202.0 2118.0 2109.0 2024.0 1929.0 1824.0 1976.0 2207.0 2125.0 2205.0 2161.0 2136.0 2184.0 2252.0 2144.0 2155.0 1967.0 1983.0 2146.0 2053.0 1960.0 2202.0 2329.0 2090.0 2135.0 2136.0 2200.0 2215.0 2148.0 2107.0 2169.0 2223.0 2199.0 2211.0 2099.0 2193.0 2126.0 2197.0 2249.0 2126.0 2169.0 2200.0 2126.0 2124.0 2128.0 2101.0 2101.0 2104.0 2034.0 2021.0 2107.0 2119.0 2115.0 2123.0 2079.0 2047.0 2038.0 2036.0 2011.0 2041.0 2095.0 2058.0 2006.0 1967.0 1970.0 1953.0 1703.0 1573.0 1533.0 1488.0 1430.0 1383.0 1338.0 1278.0 1220.0 1203.0 1158.0 1150.0 1089.0
2287.0 2038.0 2092.0 2125.0 2179.0 2127.0 1955.0 2091.0 2224.0 2094.0 2214.0 2147.0 2141.0 2291.0 2441.0 2100.0 2062.0 1956.0 2082.0 2167.0 2137.0 2217.0 2168.0 2174.0 2121.0 2204.0 2226.0 2207.0 2136.0 2103.0 2113.0 2161.0 2219.0 2162.0 2204.0 2033.0 2144.0 2116.0 2160.0 2250.0 2132.0 2184.0 2217.0 2179.0 2107.0 2105.0 2114.0 2127.0 2102.0 2016.0 1996.0 2072.0 2105.0 2132.0 2137.0 2075.0 2043.0 2060.0 2072.0 2082.0 2067.0 1958.0 1987.0 2071.0 2069.0 1976.0 1986.0 1989.0 1758.0 1541.0 1485.0 1430.0 1387.0 1335.0 1275.0 1215.0 1201.0 1154.0 1146.0 1086.0
2082.0 2017.0 2083.0 2233.0 2269.0 2230.0 2209.0 2142.0 2112.0 2131.0 2321.0 2258.0 2164.0 2182.0 2256.0 1934.0 1930.0 1971.0 2084.0 2159.0 2187.0 2168.0 2109.0 1923.0 2094.0 2278.0 2329.0 2159.0 2090.0 2149.0 2200.0 2295.0 2220.0 2147.0 2165.0 2105.0 2053.0 2114.0 2164.0 2251.0 2134.0 2170.0 2225.0 2187.0 2080.0 2117.0 2120.0 2115.0 2098.0 2007.0 1975.0 1982.0 2038.0 2061.0 2142.0 2135.0 2049.0 2070.0 2130.0 2098.0 2080.0 2073.0 2056.0 2094.0 2066.0 1980.0 2072.0 1975.0 1850.0 1675.0 1481.0 1427.0 1383.0 1333.0 1284.0 1230.0 1201.0 1155.0 1144.0 1091.0
2080.0 2021.0 2063.0 2104.0 2177.0 2276.0 2066.0 2145.0 2240.0 2129.0 2320.0 2276.0 2163.0 2089.0 2069.0 2053.0 2064.0 2242.0 2242.0 2168.0 2135.0 2169.0 2199.0 2205.0 2005.0 2026.0 2128.0 2058.0 2107.0 2165.0 2206.0 2295.0 2212.0 2141.0 2146.0 2189.0 1968.0 2112.0 2111.0 2157.0 2127.0 2161.0 2208.0 2129.0 2039.0 2121.0 2126.0 2102.0 2100.0 2001.0 1899.0 1927.0 1904.0 2047.0 2074.0 2072.0 2087.0 2055.0 2055.0 2015.0 2024.0 2050.0 1999.0 1966.0 1948.0 2087.0 2087.0 1971.0 1973.0 1956.0 1502.0 1426.0 1377.0 1332.0 1282.0 1257.0 1202.0 1158.0 1142.0 1104.0
2229.0 2088.0 2084.0 2110.0 2230.0 2309.0 2067.0 1821.0 1821.0 2181.0 2111.0 2255.0 2197.0 2089.0 2074.0 2175.0 2190.0 2178.0 2232.0 2182.0 2141.0 2172.0 2225.0 2199.0 2005.0 2124.0 1942.0 1939.0 2184.0 2244.0 2200.0 2171.0 2155.0 2209.0 2006.0 2194.0 1968.0 2034.0 2071.0 2157.0 2118.0 2163.0 2081.0 2065.0 2032.0 2094.0 2157.0 2139.0 2101.0 1925.0 1847.0 1792.0 1750.0 1860.0 1972.0 2074.0 2102.0 2088.0 2001.0 1913.0 1988.0 2062.0 2081.0 2037.0 2072.0 2114.0 2081.0 1974.0 1973.0 2009.0 1752.0 1599.0 1386.0 1332.0 1280.0 1268.0 1201.0 1157.0 1139.0 1107.0
2395.0 2330.0 2308.0 2297.0 2277.0 2244.0 2209.0 2061.0 2219.0 2261.0 2083.0 2312.0 2229.0 2291.0 2264.0 2102.0 2084.0 1898.0 2172.0 2166.0 2136.0 2168.0 2112.0 2180.0 2091.0 2029.0 2077.0 2058.0 2091.0 2110.0 2116.0 2164.0 2214.0 2161.0 2154.0 2133.0 2143.0 2127.0 2144.0 2162.0 2033.0 2159.0 2064.0 2032.0 2038.0 2097.0 2180.0 2178.0 2101.0 1922.0 1820.0 1740.0 1713.0 1718.0 1836.0 2065.0 2114.0 2162.0 2071.0 2058.0 2089.0 2085.0 2105.0 2059.0 2015.0 2079.0 2085.0 2001.0 2029.0 2055.0 2024.0 1766.0 1540.0 1326.0 1281.0 1258.0 1198.0 1149.0 1140.0 1111.0
1998.0 2013.0 2095.0 2291.0 2149.0 2125.0 2316.0 2317.0 2259.0 2215.0 2284.0 1887.0 2060.0 2074.0 2070.0 2204.0 2197.0 2006.0 2212.0 2157.0 2138.0 2077.0 2107.0 2229.0 2089.0 2041.0 2115.0 2058.0 2168.0 2110.0 2017.0 2032.0 2156.0 2245.0 2278.0 2072.0 2058.0 2051.0 2069.0 2024.0 2033.0 2060.0 2065.0 2046.0 2084.0 2124.0 2159.0 2151.0 2098.0 1955.0 1819.0 1739.0 1714.0 1718.0 1727.0 1911.0 2052.0 2083.0 2072.0 2095.0 2116.0 2073.0 2016.0 2037.0 2014.0 2082.0 2151.0 2055.0 2071.0 2060.0 2024.0 1893.0 1720.0 1510.0 1285.0 1230.0 1190.0 1147.0 1138.0 1104.0
