2064.0 2059.0 1918.0 2031.0 2053.0 2026.0 1914.0 2416.0 2140.0 2014.0 2140.0 2416.0 2280.0 2251.0 2302.0 2347.0 2313.0 2347.0 2380.0 2299.0 2219.0 2218.0 2232.0 2403.0 2510.0 2279.0 2186.0 2281.0 2257.0 2244.0 2189.0 2132.0 2152.0 2191.0 2153.0 2086.0 2163.0 2184.0 2269.0 2260.0 2192.0 2127.0 2099.0 2235.0 2241.0 2198.0 2152.0 2157.0 2163.0 2071.0 2081.0 2147.0 2094.0 2077.0 2089.0 2150.0 2114.0 2111.0 2091.0 2043.0 2094.0 2040.0 2011.0 1953.0 1951.0 1952.0 1594.0 1002.0 860.0 855.0 929.0 1367.0 1736.0 1929.0 1924.0 1934.0 1830.0 1829.0 1829.0 1682.0
2006.0 2000.0 2071.0 1952.0 2008.0 2151.0 2232.0 2297.0 2118.0 2081.0 2302.0 2216.0 2120.0 2124.0 2159.0 2137.0 2343.0 2218.0 2302.0 2229.0 2226.0 2234.0 2267.0 2358.0 2357.0 2348.0 2228.0 2177.0 2255.0 2275.0 2262.0 2263.0 2261.0 2258.0 2232.0 2204.0 2239.0 2187.0 2259.0 2187.0 2171.0 2166.0 2162.0 2164.0 2155.0 2097.0 2097.0 2157.0 2150.0 2105.0 2161.0 2156.0 2079.0 2035.0 2044.0 2083.0 2053.0 2051.0 2050.0 2041.0 2035.0 2038.0 2030.0 1988.0 1707.0 1374.0 864.0 419.0 426.0 460.0 602.0 829.0 1183.0 1658.0 1917.0 1918.0 1841.0 1797.0 1790.0 1709.0
2377.0 2345.0 2071.0 2180.0 2147.0 2168.0 2274.0 2072.0 2075.0 2161.0 2058.0 2217.0 2120.0 2126.0 2179.0 2138.0 2215.0 2186.0 2198.0 2227.0 2218.0 2200.0 2109.0 2358.0 2113.0 2178.0 2228.0 2266.0 2245.0 2237.0 2262.0 2263.0 2263.0 2264.0 2192.0 2204.0 2247.0 2218.0 2259.0 2222.0 2137.0 2183.0 2160.0 2158.0 2158.0 2102.0 2135.0 2163.0 2148.0 2113.0 2161.0 2153.0 2086.0 2038.0 2047.0 2034.0 2037.0 2048.0 2032.0 2035.0 2040.0 2038.0 1810.0 1485.0 910.0 333.0 432.0 419.0 428.0 463.0 515.0 516.0 714.0 1228.0 1802.0 1823.0 1833.0 1762.0 1767.0 1698.0
2234.0 2345.0 2237.0 2223.0 2302.0 2185.0 2096.0 2072.0 2075.0 2190.0 2064.0 2230.0 2222.0 2151.0 2179.0 2137.0 2162.0 2183.0 2201.0 2222.0 2212.0 2121.0 2109.0 2195.0 2123.0 2206.0 2302.0 2275.0 2201.0 2198.0 2193.0 2181.0 2264.0 2256.0 2186.0 2143.0 2261.0 2214.0 2345.0 2221.0 2137.0 2193.0 2162.0 2145.0 2199.0 2180.0 2170.0 2170.0 2147.0 2107.0 2096.0 2154.0 2097.0 2038.0 2046.0 2038.0 2039.0 2046.0 2026.0 2033.0 2048.0 1859.0 1262.0 543.0 299.0 333.0 439.0 503.0 539.0 559.0 517.0 497.0 542.0 871.0 1450.0 1823.0 1824.0 1754.0 1757.0 1676.0
2124.0 2123.0 2230.0 2211.0 2147.0 2245.0 2271.0 2219.0 2151.0 2182.0 2153.0 2228.0 2234.0 2267.0 2237.0 2185.0 2150.0 2182.0 2200.0 2225.0 2235.0 2190.0 2229.0 2216.0 2283.0 2190.0 2286.0 2277.0 2211.0 2200.0 2188.0 2167.0 2194.0 2200.0 2155.0 2143.0 2260.0 2174.0 2345.0 2245.0 2204.0 2219.0 2170.0 2147.0 2205.0 2182.0 2143.0 2173.0 2195.0 2115.0 2097.0 2120.0 2105.0 2119.0 2055.0 2057.0 2039.0 2037.0 2039.0 2030.0 1904.0 1280.0 576.0 391.0 440.0 461.0 547.0 554.0 508.0 470.0 474.0 508.0 543.0 696.0 1134.0 1722.0 1794.0 1755.0 1752.0 1666.0
2122.0 2085.0 2089.0 2222.0 2303.0 2129.0 2248.0 2385.0 2359.0 2187.0 2262.0 2184.0 2220.0 2295.0 2306.0 2243.0 2153.0 2249.0 2212.0 2195.0 2231.0 2177.0 2217.0 2271.0 2137.0 2181.0 2210.0 2220.0 2283.0 2267.0 2209.0 2213.0 2192.0 2188.0 2176.0 2214.0 2213.0 2167.0 2221.0 2259.0 2228.0 2240.0 2175.0 2194.0 2207.0 2198.0 2181.0 2168.0 2209.0 2204.0 2175.0 2152.0 2150.0 2140.0 2096.0 2039.0 2042.0 2100.0 2065.0 2018.0 1374.0 633.0 436.0 543.0 647.0 598.0 539.0 474.0 449.0 455.0 461.0 500.0 542.0 643.0 923.0 1343.0 1763.0 1752.0 1745.0 1663.0
2033.0 2118.0 2084.0 1977.0 1965.0 2111.0 2305.0 2385.0 2326.0 2202.0 2258.0 2175.0 2176.0 2298.0 2172.0 2193.0 2297.0 2375.0 2275.0 2200.0 2378.0 2348.0 2234.0 2178.0 2189.0 2212.0 2231.0 2215.0 2215.0 2261.0 2248.0 2216.0 2252.0 2218.0 2211.0 2299.0 2198.0 2206.0 2194.0 2236.0 2214.0 2204.0 2179.0 2204.0 2210.0 2182.0 2192.0 2188.0 2202.0 2117.0 2103.0 2175.0 2168.0 2152.0 2175.0 2060.0 2040.0 2099.0 2065.0 1638.0 807.0 493.0 576.0 671.0 673.0 596.0 495.0 441.0 427.0 425.0 422.0 425.0 540.0 642.0 637.0 992.0 1546.0 1751.0 1718.0 1670.0
2036.0 2233.0 2216.0 2201.0 2233.0 2114.0 2203.0 2246.0 2213.0 2194.0 2152.0 2149.0 2178.0 2209.0 1953.0 1953.0 2126.0 2253.0 2221.0 2150.0 2228.0 2130.0 2213.0 2177.0 2157.0 2197.0 2255.0 2286.0 2275.0 2253.0 2258.0 2224.0 2250.0 2228.0 2217.0 2355.0 2191.0 2203.0 2185.0 2233.0 2251.0 2206.0 2238.0 2241.0 2210.0 2183.0 2235.0 2243.0 2209.0 2148.0 2134.0 2142.0 2126.0 2159.0 2167.0 2094.0 2084.0 2100.0 2045.0 1187.0 533.0 677.0 707.0 684.0 667.0 599.0 449.0 422.0 422.0 426.0 409.0 401.0 414.0 397.0 436.0 750.0 1255.0 1680.0 1717.0 1699.0
2167.0 1955.0 2091.0 2298.0 2386.0 2235.0 2197.0 2236.0 2204.0 2204.0 2127.0 2111.0 2143.0 2104.0 2211.0 2193.0 2152.0 2143.0 2198.0 2240.0 2231.0 2195.0 2269.0 2269.0 2196.0 2186.0 2220.0 2212.0 2196.0 2223.0 2219.0 2211.0 2245.0 2236.0 2204.0 2258.0 2197.0 2154.0 2184.0 2249.0 2264.0 2253.0 2251.0 2194.0 2192.0 2206.0 2226.0 2199.0 2124.0 2111.0 2161.0 2132.0 2146.0 2160.0 2147.0 2119.0 2130.0 2038.0 1825.0 1187.0 697.0 789.0 784.0 711.0 664.0 597.0 515.0 490.0 478.0 484.0 469.0 417.0 378.0 324.0 374.0 478.0 822.0 1423.0 1745.0 1715.0
2398.0 2262.0 2185.0 2240.0 2386.0 2253.0 2200.0 2242.0 2297.0 2251.0 2297.0 2189.0 1986.0 2214.0 2305.0 2194.0 2134.0 2135.0 2164.0 2242.0 2384.0 2212.0 2275.0 2273.0 2232.0 2174.0 2160.0 2187.0 2192.0 2205.0 2203.0 2165.0 2198.0 2306.0 2185.0 2251.0 2248.0 2191.0 2197.0 2209.0 2235.0 2249.0 2241.0 2195.0 2194.0 2187.0 2193.0 2201.0 2178.0 2164.0 2153.0 2113.0 2113.0 2128.0 2137.0 2102.0 2078.0 2040.0 1460.0 762.0 750.0 792.0 764.0 665.0 501.0 450.0 446.0 452.0 446.0 454.0 457.0 428.0 411.0 397.0 375.0 408.0 590.0 1174.0 1658.0 1679.0
2246.0 2263.0 2227.0 2224.0 2225.0 2238.0 2187.0 2141.0 2277.0 2216.0 2257.0 2140.0 1986.0 2317.0 2337.0 2126.0 2165.0 2244.0 2247.0 2364.0 2384.0 2172.0 2280.0 2182.0 2188.0 2164.0 2157.0 2213.0 2252.0 2213.0 2224.0 2168.0 2171.0 2311.0 2224.0 2257.0 2239.0 2198.0 2225.0 2246.0 2218.0 2200.0 2252.0 2237.0 2216.0 2199.0 2196.0 2221.0 2189.0 2133.0 2134.0 2121.0 2116.0 2159.0 2126.0 2101.0 2128.0 2003.0 1402.0 731.0 742.0 756.0 709.0 568.0 503.0 514.0 476.0 443.0 440.0 429.0 449.0 422.0 423.0 517.0 436.0 408.0 500.0 949.0 1641.0 1712.0
2076.0 2114.0 2179.0 2279.0 2125.0 2200.0 2295.0 2165.0 2292.0 2153.0 2189.0 2299.0 2200.0 2198.0 2286.0 2197.0 2118.0 2149.0 2196.0 2180.0 2226.0 2169.0 2260.0 2223.0 2165.0 2179.0 2207.0 2208.0 2207.0 2228.0 2222.0 2168.0 2215.0 2245.0 2230.0 2167.0 2186.0 2205.0 2201.0 2205.0 2240.0 2200.0 2234.0 2242.0 2203.0 2180.0 2147.0 2134.0 2161.0 2155.0 2136.0 2124.0 2150.0 2158.0 2143.0 2101.0 1914.0 1914.0 1424.0 728.0 730.0 664.0 581.0 500.0 452.0 441.0 476.0 500.0 511.0 498.0 513.0 558.0 580.0 583.0 546.0 471.0 508.0 986.0 1651.0 1678.0
2077.0 2100.0 2109.0 2221.0 2113.0 2110.0 2185.0 2044.0 2199.0 2152.0 2121.0 2176.0 2137.0 2322.0 2283.0 2123.0 2101.0 2181.0 2230.0 2177.0 2177.0 2196.0 2247.0 2277.0 2221.0 2197.0 2203.0 2183.0 2208.0 2214.0 2219.0 2196.0 2292.0 2243.0 2198.0 2177.0 2195.0 2220.0 2215.0 2204.0 2223.0 2186.0 2218.0 2198.0 2190.0 2174.0 2145.0 2196.0 2194.0 2149.0 2139.0 2103.0 2089.0 2129.0 1782.0 1090.0 904.0 1451.0 1434.0 721.0 693.0 656.0 567.0 500.0 497.0 482.0 506.0 561.0 514.0 493.0 500.0 566.0 588.0 595.0 552.0 487.0 503.0 842.0 1450.0 1719.0
2234.0 2172.0 2111.0 2109.0 2236.0 2180.0 2149.0 2177.0 2273.0 2299.0 2279.0 2202.0 2199.0 2309.0 2173.0 2110.0 2104.0 2190.0 2233.0 2191.0 2180.0 2246.0 2280.0 2277.0 2234.0 2186.0 2166.0 2191.0 2250.0 2248.0 2194.0 2227.0 2293.0 2312.0 2171.0 2252.0 2258.0 2199.0 2184.0 2212.0 2249.0 2232.0 2218.0 2197.0 2202.0 2202.0 2146.0 2133.0 2154.0 2138.0 2132.0 2197.0 2166.0 1592.0 793.0 722.0 719.0 763.0 738.0 549.0 541.0 641.0 577.0 500.0 507.0 523.0 582.0 600.0 599.0 594.0 598.0 592.0 581.0 566.0 546.0 561.0 564.0 842.0 1434.0 1704.0
2147.0 2128.0 1915.0 2037.0 2132.0 2096.0 1907.0 2048.0 2211.0 2300.0 2277.0 2198.0 2203.0 2230.0 2162.0 2126.0 2170.0 2201.0 2239.0 2182.0 2124.0 2276.0 2281.0 2276.0 2219.0 2213.0 2240.0 2208.0 2211.0 2253.0 2139.0 2197.0 2221.0 2244.0 2163.0 2257.0 2242.0 2204.0 2201.0 2192.0 2232.0 2226.0 2216.0 2218.0 2191.0 2166.0 2148.0 2192.0 2167.0 2132.0 1855.0 1407.0 1170.0 813.0 738.0 764.0 734.0 667.0 576.0 549.0 574.0 660.0 639.0 582.0 579.0 606.0 619.0 599.0 585.0 594.0 592.0 573.0 580.0 574.0 554.0 561.0 562.0 948.0 1468.0 1716.0
2111.0 2118.0 1982.0 2237.0 2230.0 2151.0 1999.0 2065.0 2190.0 2288.0 2272.0 2199.0 2204.0 2192.0 2167.0 2191.0 2198.0 2192.0 2252.0 2186.0 2116.0 2240.0 2239.0 2231.0 2230.0 2229.0 2243.0 2215.0 2211.0 2262.0 2139.0 2214.0 2220.0 2243.0 2194.0 2167.0 2192.0 2107.0 2083.0 2215.0 2245.0 2164.0 2140.0 2200.0 2210.0 2200.0 2145.0 2028.0 1560.0 1058.0 867.0 821.0 808.0 809.0 833.0 801.0 753.0 706.0 712.0 722.0 690.0 653.0 617.0 591.0 592.0 616.0 614.0 605.0 605.0 603.0 593.0 576.0 581.0 588.0 636.0 656.0 698.0 1177.0 1650.0 1712.0
2253.0 2125.0 1886.0 2040.0 2077.0 2101.0 2186.0 2185.0 2174.0 2171.0 2230.0 2192.0 2241.0 2202.0 2166.0 2189.0 2173.0 2159.0 2211.0 2182.0 2202.0 2216.0 2245.0 2232.0 2242.0 2228.0 2168.0 2193.0 2219.0 2181.0 2187.0 2200.0 2228.0 2194.0 2221.0 2167.0 2230.0 2218.0 2212.0 2201.0 2192.0 2180.0 2145.0 2145.0 2147.0 2206.0 2184.0 1633.0 849.0 796.0 789.0 795.0 808.0 813.0 836.0 809.0 776.0 715.0 716.0 758.0 696.0 658.0 641.0 595.0 580.0 593.0 589.0 606.0 606.0 595.0 596.0 583.0 579.0 611.0 647.0 656.0 1013.0 1479.0 1704.0 1711.0
2067.0 2050.0 1960.0 2096.0 2074.0 2068.0 2214.0 2237.0 2168.0 2124.0 2202.0 2203.0 2265.0 2245.0 2164.0 2123.0 2163.0 2199.0 2249.0 2189.0 2240.0 2271.0 2262.0 2230.0 2248.0 2263.0 2195.0 2198.0 2214.0 2199.0 2143.0 2180.0 2346.0 2196.0 2204.0 2233.0 2251.0 2213.0 2226.0 2234.0 2225.0 2203.0 2213.0 2194.0 2190.0 2055.0 1416.0 830.0 760.0 767.0 790.0 807.0 818.0 816.0 788.0 785.0 780.0 743.0 705.0 686.0 687.0 670.0 691.0 621.0 535.0 533.0 592.0 615.0 606.0 595.0 597.0 602.0 603.0 616.0 651.0 860.0 1311.0 1701.0 1725.0 1712.0
2250.0 2270.0 1893.0 2080.0 2130.0 2076.0 2146.0 2241.0 2188.0 2113.0 2158.0 2228.0 2217.0 2204.0 2141.0 2123.0 2206.0 2289.0 2336.0 2249.0 2205.0 2176.0 2198.0 2207.0 2178.0 2175.0 2164.0 2160.0 2162.0 2319.0 2288.0 2263.0 2227.0 2379.0 2239.0 2221.0 2198.0 2204.0 2226.0 2223.0 2222.0 2187.0 2163.0 2191.0 2157.0 1595.0 807.0 755.0 763.0 770.0 787.0 792.0 786.0 764.0 744.0 755.0 759.0 757.0 727.0 664.0 577.0 638.0 704.0 668.0 584.0 584.0 612.0 620.0 612.0 608.0 593.0 584.0 608.0 659.0 682.0 1082.0 1571.0 1768.0 1736.0 1715.0
2250.0 2270.0 2104.0 2115.0 2180.0 2144.0 2005.0 2215.0 2200.0 2112.0 2043.0 2185.0 2178.0 2204.0 2163.0 2120.0 2205.0 2307.0 2262.0 2281.0 2184.0 2171.0 2164.0 2157.0 2182.0 2255.0 2244.0 2207.0 2226.0 2215.0 2196.0 2206.0 2232.0 2229.0 2233.0 2240.0 2229.0 2210.0 2210.0 2212.0 2189.0 2180.0 2200.0 2196.0 1809.0 1108.0 797.0 815.0 813.0 796.0 789.0 785.0 774.0 767.0 779.0 779.0 761.0 751.0 762.0 726.0 581.0 594.0 647.0 685.0 652.0 617.0 587.0 574.0 603.0 615.0 648.0 709.0 818.0 900.0 983.0 1363.0 1756.0 1800.0 1795.0 1721.0
2090.0 2109.0 2123.0 2170.0 2208.0 2236.0 2025.0 2158.0 2182.0 2118.0 2043.0 2267.0 2238.0 2225.0 2255.0 2261.0 2226.0 2209.0 2205.0 2284.0 2180.0 2168.0 2163.0 2163.0 2178.0 2177.0 2168.0 2205.0 2165.0 2184.0 2190.0 2202.0 2188.0 2215.0 2223.0 2222.0 2208.0 2213.0 2208.0 2162.0 2187.0 2223.0 2218.0 2191.0 1617.0 892.0 867.0 855.0 860.0 855.0 850.0 818.0 812.0 819.0 821.0 811.0 785.0 755.0 762.0 754.0 686.0 609.0 641.0 693.0 667.0 616.0 584.0 576.0 610.0 630.0 699.0 774.0 819.0 970.0 1270.0 1585.0 1756.0 1779.0 1797.0 1736.0
2074.0 2055.0 2026.0 2116.0 2159.0 2138.0 2243.0 2139.0 2102.0 2131.0 2293.0 2482.0 2268.0 2205.0 2162.0 2120.0 2118.0 2294.0 2200.0 2174.0 2273.0 2186.0 2145.0 2155.0 2167.0 2176.0 2196.0 2201.0 2239.0 2230.0 2181.0 2216.0 2240.0 2208.0 2209.0 2211.0 2190.0 2216.0 2206.0 2166.0 2187.0 2188.0 2169.0 1796.0 1188.0 893.0 905.0 910.0 911.0 892.0 863.0 867.0 863.0 848.0 849.0 835.0 822.0 796.0 766.0 746.0 697.0 645.0 636.0 662.0 663.0 618.0 593.0 579.0 602.0 627.0 709.0 762.0 757.0 967.0 1444.0 1799.0 1840.0 1825.0 1797.0 1749.0
2135.0 2110.0 2108.0 2124.0 2124.0 2132.0 2162.0 2111.0 2108.0 2153.0 2164.0 2277.0 2226.0 2244.0 2267.0 2263.0 2210.0 2153.0 2211.0 2113.0 2206.0 2210.0 2186.0 2167.0 2185.0 2238.0 2235.0 2219.0 2168.0 2204.0 2164.0 2189.0 2211.0 2218.0 2209.0 2214.0 2213.0 2192.0 2197.0 2200.0 2200.0 2225.0 2193.0 1630.0 1010.0 973.0 941.0 927.0 917.0 912.0 886.0 875.0 876.0 863.0 857.0 850.0 848.0 849.0 838.0 776.0 752.0 756.0 658.0 658.0 652.0 631.0 650.0 641.0 629.0 645.0 700.0 709.0 757.0 969.0 1603.0 1879.0 1848.0 1834.0 1803.0 1750.0
2246.0 2047.0 2119.0 2077.0 2082.0 2237.0 2236.0 2328.0 2300.0 2276.0 2386.0 2285.0 2195.0 2208.0 2228.0 2259.0 2236.0 2157.0 2265.0 2117.0 2214.0 2202.0 2238.0 2220.0 2225.0 2211.0 2196.0 2191.0 2167.0 2190.0 2195.0 2195.0 2201.0 2209.0 2182.0 2220.0 2217.0 2193.0 2202.0 2216.0 2198.0 2181.0 2009.0 1468.0 1009.0 985.0 948.0 931.0 923.0 919.0 900.0 872.0 872.0 864.0 861.0 858.0 854.0 854.0 854.0 854.0 855.0 855.0 850.0 736.0 690.0 680.0 682.0 680.0 683.0 681.0 716.0 772.0 818.0 1106.0 1603.0 1877.0 1853.0 1837.0 1802.0 1745.0
2121.0 1843.0 2013.0 2128.0 2155.0 2015.0 2241.0 2183.0 2142.0 2147.0 2194.0 2324.0 2143.0 2200.0 2218.0 2155.0 2113.0 2147.0 2198.0 2282.0 2232.0 2180.0 2154.0 2187.0 2193.0 2188.0 2214.0 2212.0 2169.0 2181.0 2186.0 2192.0 2243.0 2209.0 2185.0 2210.0 2194.0 2190.0 2201.0 2228.0 2189.0 2173.0 1779.0 1197.0 1027.0 985.0 949.0 952.0 944.0 948.0 920.0 886.0 884.0 878.0 875.0 870.0 865.0 860.0 856.0 857.0 858.0 867.0 895.0 898.0 894.0 817.0 807.0 798.0 751.0 798.0 812.0 907.0 855.0 1290.0 1775.0 1880.0 1866.0 1841.0 1802.0 1742.0
2114.0 2219.0 2312.0 2311.0 2195.0 2124.0 2238.0 2128.0 2141.0 2276.0 2293.0 2282.0 2148.0 2110.0 2141.0 2154.0 2111.0 2067.0 2249.0 2206.0 2222.0 2136.0 2137.0 2193.0 2226.0 2236.0 2196.0 2193.0 2172.0 2189.0 2186.0 2188.0 2235.0 2210.0 2199.0 2201.0 2167.0 2186.0 2198.0 2190.0 2179.0 2175.0 1669.0 1134.0 1078.0 992.0 967.0 975.0 945.0 959.0 1004.0 1011.0 1002.0 994.0 986.0 980.0 989.0 929.0 895.0 903.0 902.0 925.0 929.0 930.0 951.0 950.0 948.0 953.0 921.0 922.0 956.0 946.0 970.0 1487.0 1892.0 1885.0 1869.0 1843.0 1804.0 1749.0
2133.0 2121.0 2008.0 2126.0 2187.0 2011.0 2150.0 2117.0 2131.0 2154.0 2119.0 2187.0 2184.0 2128.0 2131.0 2121.0 2071.0 2068.0 2189.0 2117.0 2152.0 2204.0 2191.0 2198.0 2221.0 2195.0 2187.0 2183.0 2168.0 2180.0 2245.0 2187.0 2234.0 2212.0 2203.0 2202.0 2162.0 2163.0 2164.0 2177.0 2178.0 1887.0 1394.0 1184.0 1159.0 1116.0 1012.0 988.0 969.0 972.0 1011.0 1029.0 1012.0 999.0 1002.0 1006.0 1002.0 1018.0 1079.0 1083.0 1031.0 997.0 987.0 985.0 967.0 957.0 961.0 1007.0 1040.0 1037.0 1011.0 960.0 1151.0 1629.0 1917.0 1879.0 1849.0 1845.0 1806.0 1748.0
1993.0 2041.0 2006.0 2094.0 2161.0 2031.0 2226.0 2107.0 2043.0 2098.0 2180.0 2112.0 2182.0 2200.0 2134.0 2111.0 2114.0 2103.0 2095.0 2150.0 2147.0 2229.0 2240.0 2199.0 2198.0 2185.0 2194.0 2180.0 2171.0 2180.0 2244.0 2195.0 2184.0 2221.0 2205.0 2204.0 2195.0 2192.0 2194.0 2203.0 2184.0 1732.0 1218.0 1197.0 1185.0 1170.0 1168.0 1014.0 1027.0 1038.0 1018.0 1018.0 1009.0 1003.0 1020.0 1014.0 1004.0 1018.0 1089.0 1110.0 1050.0 1009.0 989.0 987.0 981.0 976.0 986.0 1022.0 1040.0 1037.0 1018.0 1082.0 1341.0 1712.0 1892.0 1874.0 1853.0 1843.0 1795.0 1742.0
1980.0 1991.0 2103.0 2097.0 2027.0 2018.0 2028.0 2054.0 2130.0 2150.0 2142.0 2121.0 2098.0 2129.0 2164.0 2151.0 2114.0 2130.0 2100.0 2162.0 2144.0 2176.0 2181.0 2192.0 2195.0 2185.0 2189.0 2180.0 2166.0 2165.0 2172.0 2208.0 2171.0 2225.0 2201.0 2185.0 2076.0 2086.0 2172.0 2225.0 2241.0 1887.0 1394.0 1199.0 1190.0 1175.0 1168.0 1182.0 1048.0 1047.0 1040.0 1037.0 1038.0 1053.0 1044.0 1036.0 1043.0 1196.0 1206.0 1129.0 1073.0 1041.0 1018.0 1026.0 1078.0 1098.0 1206.0 1261.0 1271.0 1245.0 1192.0 1275.0 1574.0 1868.0 1899.0 1883.0 1872.0 1848.0 1801.0 1746.0
1992.0 2036.0 2104.0 2097.0 2052.0 2160.0 2020.0 2130.0 2165.0 2151.0 2047.0 2181.0 2101.0 2102.0 2131.0 2135.0 2099.0 2122.0 2182.0 2114.0 2070.0 2099.0 2126.0 2099.0 2110.0 2182.0 2172.0 2183.0 2152.0 2177.0 2165.0 2203.0 2197.0 2181.0 2204.0 2195.0 2175.0 2198.0 2193.0 2223.0 2248.0 2049.0 1669.0 1390.0 1318.0 1326.0 1393.0 1395.0 1288.0 1165.0 1092.0 1085.0 1090.0 1089.0 1088.0 1087.0 1166.0 1196.0 1208.0 1249.0 1248.0 1238.0 1238.0 1251.0 1291.0 1450.0 1547.0 1580.0 1574.0 1459.0 1434.0 1468.0 1716.0 1909.0 1932.0 1860.0 1823.0 1709.0 1770.0 1751.0
1994.0 1984.0 2057.0 2121.0 2168.0 2229.0 2103.0 2135.0 2132.0 2094.0 2089.0 2103.0 2167.0 2124.0 2126.0 2136.0 2114.0 2119.0 2194.0 2069.0 2073.0 2096.0 2120.0 2080.0 2091.0 2183.0 2122.0 2178.0 2155.0 2181.0 2166.0 2186.0 2226.0 2180.0 2204.0 2052.0 2033.0 2087.0 2191.0 2214.0 2227.0 2207.0 1965.0 1749.0 1642.0 1645.0 1755.0 1750.0 1579.0 1410.0 1280.0 1255.0 1220.0 1228.0 1261.0 1263.0 1305.0 1441.0 1454.0 1547.0 1609.0 1581.0 1568.0 1609.0 1760.0 1898.0 1894.0 1905.0 1909.0 1824.0 1739.0 1737.0 1716.0 1897.0 1911.0 1859.0 1823.0 1709.0 1713.0 1747.0
1947.0 1885.0 1929.0 2079.0 2163.0 2158.0 2028.0 2028.0 2028.0 2080.0 2180.0 2035.0 2086.0 2136.0 2162.0 2142.0 2124.0 2122.0 2184.0 2098.0 2138.0 2166.0 2122.0 2095.0 2144.0 2180.0 2096.0 2175.0 2194.0 2172.0 2170.0 2125.0 2195.0 2177.0 2128.0 1931.0 1750.0 1750.0 1979.0 2203.0 2228.0 2223.0 2222.0 2083.0 2044.0 2044.0 2045.0 1944.0 1732.0 1589.0 1556.0 1471.0 1460.0 1471.0 1563.0 1570.0 1619.0 1819.0 1865.0 1894.0 1950.0 1936.0 1916.0 1928.0 2037.0 2134.0 2131.0 2129.0 2140.0 2096.0 2025.0 1996.0 1898.0 1908.0 1922.0 1886.0 1881.0 1839.0 1794.0 1751.0
1781.0 1875.0 1766.0 1821.0 1961.0 2108.0 2012.0 2009.0 2019.0 2076.0 2179.0 2100.0 2054.0 2109.0 2142.0 2123.0 2101.0 2063.0 2127.0 2162.0 2135.0 2172.0 2172.0 2138.0 2148.0 2175.0 2143.0 2182.0 2204.0 2151.0 2205.0 2125.0 2176.0 2172.0 2101.0 1957.0 1959.0 1905.0 1982.0 2189.0 2227.0 2221.0 2238.0 2270.0 2253.0 2240.0 2219.0 2084.0 1898.0 1805.0 1743.0 1729.0 1751.0 1868.0 1940.0 1942.0 2058.0 2082.0 2132.0 2119.0 2127.0 2132.0 2117.0 2114.0 2077.0 2117.0 2150.0 2161.0 2171.0 2127.0 2093.0 2079.0 2021.0 2013.0 1947.0 1883.0 1892.0 1858.0 1830.0 1790.0
1994.0 1979.0 1766.0 1735.0 1871.0 2004.0 2016.0 2011.0 2016.0 2035.0 2047.0 2097.0 2087.0 2049.0 2103.0 2135.0 2100.0 2052.0 2078.0 2090.0 2121.0 2170.0 2169.0 2143.0 2148.0 2167.0 2156.0 2192.0 2159.0 2133.0 2219.0 2167.0 2186.0 2175.0 2112.0 1987.0 2002.0 2035.0 2110.0 2188.0 2215.0 2221.0 2238.0 2257.0 2252.0 2245.0 2257.0 2230.0 2042.0 1805.0 1891.0 1900.0 2042.0 2194.0 2190.0 2181.0 2187.0 2174.0 2165.0 2163.0 2175.0 2156.0 2182.0 2130.0 2104.0 2119.0 2135.0 2151.0 2167.0 2146.0 2118.0 2078.0 2020.0 2028.0 2009.0 1884.0 1895.0 1850.0 1825.0 1810.0
2163.0 1883.0 1926.0 1930.0 1925.0 2006.0 2111.0 2139.0 2094.0 2062.0 2074.0 2038.0 2079.0 2036.0 2043.0 2125.0 2187.0 2101.0 2118.0 2135.0 2133.0 2181.0 2179.0 2118.0 2097.0 2109.0 2104.0 2170.0 2133.0 2140.0 2194.0 2125.0 2149.0 2137.0 2131.0 1997.0 1950.0 1990.0 2108.0 2180.0 2208.0 2226.0 2236.0 2241.0 2249.0 2240.0 2250.0 2231.0 2087.0 1931.0 1915.0 1968.0 2082.0 2246.0 2249.0 2234.0 2184.0 2170.0 2167.0 2175.0 2194.0 2191.0 2192.0 2198.0 2189.0 2160.0 2134.0 2137.0 2115.0 2098.0 2073.0 2034.0 2023.0 2075.0 2060.0 1954.0 1912.0 1890.0 1836.0 1798.0
1557.0 2021.0 1843.0 1821.0 1910.0 2100.0 2078.0 2056.0 2095.0 2257.0 2228.0 2101.0 2089.0 2068.0 2049.0 2089.0 2186.0 2220.0 2107.0 2096.0 2121.0 2163.0 2178.0 2162.0 2143.0 2116.0 2117.0 2161.0 2165.0 2169.0 2206.0 2127.0 2166.0 2165.0 2061.0 1959.0 1942.0 1981.0 2078.0 2171.0 2197.0 2224.0 2237.0 2237.0 2218.0 2214.0 2217.0 2231.0 2127.0 2058.0 1962.0 1973.0 2093.0 2235.0 2261.0 2259.0 2199.0 2191.0 2181.0 2195.0 2208.0 2204.0 2191.0 2201.0 2212.0 2144.0 2141.0 2147.0 2107.0 2091.0 2063.0 2078.0 2094.0 2085.0 2061.0 1955.0 1922.0 1910.0 1875.0 1779.0
1781.0 1889.0 1843.0 2052.0 2153.0 2084.0 1846.0 1854.0 1855.0 1949.0 2071.0 2074.0 2091.0 2090.0 2055.0 2087.0 2116.0 2071.0 2137.0 2113.0 2155.0 2127.0 2184.0 2191.0 2144.0 2131.0 2111.0 2138.0 2147.0 2150.0 2238.0 2156.0 2184.0 2163.0 2005.0 1868.0 1880.0 1889.0 2017.0 2168.0 2199.0 2226.0 2238.0 2245.0 2251.0 2241.0 2213.0 2232.0 2247.0 2218.0 2158.0 2109.0 2112.0 2224.0 2252.0 2260.0 2218.0 2208.0 2194.0 2200.0 2208.0 2178.0 2130.0 2126.0 2179.0 2113.0 2124.0 2124.0 2105.0 2116.0 2083.0 2076.0 2090.0 2071.0 2056.0 1955.0 1916.0 1900.0 1873.0 1799.0
1906.0 1954.0 2019.0 2051.0 2043.0 1998.0 2076.0 2014.0 2022.0 1983.0 1851.0 2093.0 2084.0 2086.0 2095.0 2079.0 2035.0 2092.0 2100.0 2030.0 2124.0 2124.0 2160.0 2125.0 2081.0 2092.0 2125.0 2157.0 2162.0 2131.0 2165.0 2161.0 2157.0 2158.0 2042.0 1873.0 1842.0 1855.0 2011.0 2176.0 2209.0 2234.0 2239.0 2221.0 2232.0 2234.0 2210.0 2233.0 2256.0 2227.0 2200.0 2152.0 2154.0 2215.0 2220.0 2196.0 2186.0 2177.0 2192.0 2193.0 2185.0 2135.0 2087.0 2088.0 2069.0 2068.0 2021.0 2024.0 2075.0 2059.0 2055.0 2032.0 2022.0 2018.0 2016.0 1955.0 1916.0 1898.0 1876.0 1804.0
2011.0 1907.0 2028.0 2051.0 1999.0 1904.0 2066.0 2060.0 2042.0 2075.0 2228.0 2167.0 2083.0 2064.0 1987.0 1977.0 2078.0 2087.0 2217.0 2077.0 2071.0 2054.0 2063.0 2107.0 2121.0 2141.0 2163.0 2157.0 2115.0 2183.0 2150.0 2178.0 2230.0 2147.0 2032.0 1866.0 1838.0 1841.0 2015.0 2177.0 2221.0 2241.0 2226.0 2199.0 2223.0 2234.0 2212.0 2233.0 2265.0 2234.0 2199.0 2155.0 2202.0 2221.0 2213.0 2191.0 2187.0 2135.0 2165.0 2199.0 2176.0 2127.0 2130.0 2087.0 2026.0 1872.0 1849.0 1902.0 1897.0 1898.0 1888.0 1877.0 1879.0 1873.0 1866.0 1860.0 1899.0 1870.0 1835.0 1785.0
2011.0 1895.0 2012.0 2166.0 2153.0 2086.0 2138.0 2042.0 1970.0 1978.0 2011.0 2110.0 2136.0 1968.0 1954.0 2078.0 2097.0 2104.0 2216.0 2090.0 2062.0 2054.0 2063.0 2085.0 2095.0 2114.0 2130.0 2154.0 2205.0 2170.0 2149.0 2130.0 2170.0 2177.0 1986.0 1862.0 1831.0 1837.0 2006.0 2169.0 2216.0 2249.0 2235.0 2203.0 2219.0 2209.0 2208.0 2232.0 2262.0 2236.0 2199.0 2215.0 2211.0 2227.0 2207.0 2204.0 2191.0 2134.0 2177.0 2195.0 2145.0 2123.0 2133.0 2086.0 1994.0 1859.0 1804.0 1759.0 1709.0 1738.0 1726.0 1709.0 1717.0 1717.0 1704.0 1701.0 1706.0 1701.0 1699.0 1664.0
1896.0 1905.0 2043.0 2051.0 2036.0 2081.0 2075.0 2070.0 2057.0 2044.0 2047.0 2073.0 2138.0 2070.0 2095.0 2092.0 2088.0 2085.0 2132.0 2082.0 2056.0 2054.0 2137.0 2193.0 2102.0 2023.0 2119.0 2103.0 2199.0 2145.0 2151.0 2152.0 2184.0 2170.0 1977.0 1848.0 1839.0 1846.0 1930.0 2150.0 2192.0 2230.0 2230.0 2219.0 2245.0 2176.0 2153.0 2242.0 2260.0 2223.0 2201.0 2233.0 2211.0 2215.0 2209.0 2204.0 2197.0 2124.0 2129.0 2118.0 2110.0 2128.0 2128.0 2083.0 1986.0 1856.0 1804.0 1751.0 1681.0 1600.0 1538.0 1521.0 1579.0 1583.0 1566.0 1557.0 1566.0 1566.0 1565.0 1528.0
1792.0 1927.0 2060.0 1972.0 1967.0 1977.0 2063.0 2069.0 2059.0 2082.0 2076.0 1981.0 2154.0 2119.0 2090.0 2080.0 2094.0 2082.0 2092.0 2078.0 1939.0 1809.0 1806.0 1810.0 1941.0 2092.0 2004.0 1906.0 2111.0 2093.0 2170.0 2131.0 2234.0 2154.0 1837.0 1763.0 1799.0 1831.0 1924.0 2150.0 2196.0 2191.0 2218.0 2225.0 2240.0 2211.0 2206.0 2231.0 2206.0 2170.0 2190.0 2216.0 2205.0 2197.0 2207.0 2199.0 2194.0 2127.0 2112.0 2105.0 2127.0 2136.0 2098.0 2072.0 1989.0 1859.0 1799.0 1753.0 1676.0 1582.0 1505.0 1481.0 1446.0 1411.0 1450.0 1438.0 1433.0 1422.0 1415.0 1411.0
1887.0 1911.0 1857.0 1973.0 1997.0 1973.0 2076.0 1959.0 1952.0 2040.0 2040.0 1932.0 2112.0 2039.0 1995.0 1969.0 1962.0 2082.0 2097.0 1946.0 1511.0 1505.0 1495.0 1576.0 1784.0 2015.0 2004.0 1906.0 1872.0 1742.0 1969.0 1734.0 1835.0 1797.0 1649.0 1749.0 1789.0 1810.0 1921.0 2172.0 2219.0 2197.0 2213.0 2202.0 2205.0 2211.0 2208.0 2204.0 2206.0 2220.0 2196.0 2218.0 2212.0 2215.0 2208.0 2145.0 2115.0 2126.0 2136.0 2113.0 2133.0 2132.0 2101.0 2067.0 1985.0 1860.0 1803.0 1756.0 1674.0 1582.0 1509.0 1482.0 1434.0 1373.0 1333.0 1282.0 1278.0 1273.0 1308.0 1316.0
2082.0 1949.0 1516.0 1879.0 1977.0 1989.0 1976.0 1892.0 1898.0 1955.0 1991.0 2049.0 2085.0 2003.0 1998.0 1964.0 1958.0 1932.0 1936.0 1608.0 1345.0 1504.0 1501.0 1576.0 1784.0 1613.0 1378.0 1323.0 1252.0 1261.0 1321.0 1201.0 1266.0 1335.0 1588.0 1753.0 1797.0 1782.0 1914.0 2150.0 2191.0 2191.0 2230.0 2212.0 2155.0 2186.0 2196.0 2177.0 2166.0 2137.0 2193.0 2222.0 2205.0 2216.0 2189.0 2138.0 2110.0 2124.0 2175.0 2121.0 2110.0 2105.0 2084.0 2046.0 1985.0 1857.0 1804.0 1762.0 1663.0 1572.0 1504.0 1476.0 1430.0 1369.0 1329.0 1267.0 1238.0 1232.0 1199.0 1138.0
2082.0 1999.0 2046.0 1972.0 1997.0 1954.0 1797.0 1902.0 1943.0 1948.0 1982.0 2090.0 2100.0 1996.0 1872.0 1871.0 1833.0 1619.0 1485.0 1460.0 1483.0 1503.0 1497.0 1476.0 1340.0 1246.0 1267.0 1267.0 1297.0 1414.0 1448.0 1479.0 1451.0 1468.0 1587.0 1685.0 1762.0 1763.0 1915.0 2142.0 2175.0 2187.0 2226.0 2210.0 2196.0 2186.0 2164.0 2174.0 2142.0 2124.0 2194.0 2239.0 2205.0 2197.0 2165.0 2205.0 2193.0 2117.0 2122.0 2113.0 2098.0 2110.0 2119.0 2047.0 1974.0 1856.0 1803.0 1767.0 1666.0 1565.0 1493.0 1473.0 1430.0 1370.0 1330.0 1270.0 1242.0 1227.0 1187.0 1116.0
1960.0 1942.0 1639.0 2001.0 1975.0 1840.0 1816.0 1883.0 1893.0 1900.0 1929.0 1991.0 2034.0 1781.0 1506.0 1458.0 1418.0 1220.0 1174.0 1460.0 1507.0 1465.0 1275.0 1263.0 1229.0 1216.0 1265.0 1263.0 1253.0 1261.0 1321.0 1311.0 1290.0 1335.0 1415.0 1446.0 1538.0 1706.0 1913.0 2130.0 2180.0 2190.0 2198.0 2209.0 2203.0 2185.0 2171.0 2171.0 2152.0 2114.0 2157.0 2137.0 2183.0 2214.0 2196.0 2131.0 2114.0 2124.0 2134.0 2115.0 2113.0 2085.0 2109.0 2055.0 1987.0 1857.0 1801.0 1743.0 1654.0 1554.0 1483.0 1462.0 1422.0 1364.0 1322.0 1263.0 1224.0 1201.0 1180.0 1114.0
1883.0 1799.0 1639.0 1928.0 1947.0 1839.0 1782.0 1960.0 1768.0 1837.0 1941.0 1932.0 1562.0 1359.0 1104.0 1054.0 1057.0 1043.0 1129.0 1288.0 1345.0 1301.0 1266.0 1263.0 1232.0 1212.0 1212.0 1223.0 1217.0 1143.0 1151.0 1200.0 1271.0 1204.0 1415.0 1446.0 1463.0 1508.0 1831.0 2090.0 2170.0 2189.0 2163.0 2135.0 2148.0 2068.0 2171.0 2201.0 2154.0 2119.0 2090.0 2072.0 2069.0 2095.0 2157.0 2132.0 2118.0 2120.0 2123.0 2095.0 2035.0 2016.0 2014.0 2027.0 1969.0 1853.0 1803.0 1708.0 1650.0 1555.0 1486.0 1468.0 1424.0 1362.0 1311.0 1247.0 1219.0 1184.0 1170.0 1111.0
1716.0 1803.0 1819.0 1529.0 1812.0 1843.0 1779.0 1894.0 1894.0 1839.0 1755.0 1480.0 1054.0 901.0 952.0 1042.0 1073.0 1091.0 1108.0 1082.0 1090.0 1160.0 1216.0 1164.0 1190.0 1169.0 1122.0 1072.0 1071.0 1088.0 1089.0 1179.0 1110.0 1167.0 1191.0 1227.0 1317.0 1508.0 1912.0 2123.0 2159.0 2174.0 2153.0 2113.0 2152.0 2178.0 2073.0 2069.0 2105.0 2108.0 2082.0 2127.0 2193.0 2119.0 2083.0 2117.0 2072.0 2106.0 2030.0 1970.0 2019.0 2075.0 2060.0 2027.0 1950.0 1826.0 1804.0 1760.0 1647.0 1553.0 1478.0 1460.0 1423.0 1357.0 1307.0 1241.0 1223.0 1195.0 1159.0 1107.0
1681.0 1796.0 1818.0 1686.0 1811.0 1931.0 2047.0 2047.0 1890.0 1514.0 1186.0 955.0 918.0 1058.0 1104.0 1065.0 1085.0 1092.0 1087.0 1052.0 1042.0 1041.0 1047.0 1038.0 1072.0 1120.0 1035.0 1017.0 1023.0 1058.0 1040.0 1028.0 1062.0 1154.0 1157.0 1189.0 1217.0 1399.0 1827.0 2077.0 2073.0 2011.0 2146.0 2121.0 2029.0 2047.0 2076.0 2072.0 2073.0 2054.0 2070.0 2079.0 2072.0 2119.0 2123.0 2029.0 2014.0 2110.0 2135.0 2096.0 2098.0 2068.0 2014.0 1996.0 1938.0 1822.0 1799.0 1662.0 1588.0 1541.0 1473.0 1455.0 1417.0 1351.0 1298.0 1230.0 1212.0 1179.0 1160.0 1110.0
1669.0 1783.0 1850.0 1918.0 1811.0 1825.0 1773.0 1598.0 1457.0 1105.0 930.0 934.0 1054.0 1058.0 960.0 1023.0 1018.0 1010.0 1016.0 1038.0 1038.0 1022.0 1041.0 1029.0 1067.0 1065.0 1000.0 988.0 1006.0 1003.0 978.0 995.0 1052.0 1056.0 1138.0 1184.0 1192.0 1253.0 1705.0 2000.0 2067.0 2080.0 2062.0 2044.0 2010.0 1988.0 2076.0 2154.0 2084.0 2082.0 2147.0 2074.0 1983.0 2044.0 2002.0 2000.0 2014.0 1983.0 1975.0 1982.0 2005.0 2077.0 2075.0 2003.0 1943.0 1812.0 1795.0 1659.0 1597.0 1543.0 1459.0 1444.0 1410.0 1337.0 1285.0 1229.0 1210.0 1174.0 1155.0 1106.0
1569.0 1762.0 1848.0 1866.0 1795.0 1614.0 1419.0 1233.0 954.0 916.0 926.0 940.0 919.0 858.0 862.0 861.0 876.0 956.0 991.0 966.0 984.0 961.0 992.0 984.0 946.0 961.0 955.0 947.0 950.0 935.0 947.0 967.0 953.0 1005.0 1128.0 1164.0 1183.0 1229.0 1704.0 1997.0 2139.0 2167.0 2152.0 2040.0 2019.0 2052.0 2076.0 2068.0 2004.0 2042.0 2050.0 2052.0 2072.0 2069.0 2065.0 2004.0 1960.0 1981.0 2021.0 2013.0 2030.0 2027.0 1903.0 1870.0 1914.0 1781.0 1749.0 1655.0 1583.0 1529.0 1459.0 1448.0 1418.0 1345.0 1295.0 1233.0 1213.0 1173.0 1153.0 1094.0
1229.0 1626.0 1632.0 1484.0 1627.0 1338.0 1101.0 923.0 850.0 915.0 909.0 834.0 827.0 837.0 862.0 857.0 870.0 903.0 859.0 875.0 876.0 892.0 890.0 940.0 904.0 892.0 901.0 905.0 894.0 897.0 927.0 898.0 931.0 1003.0 1126.0 1139.0 1186.0 1233.0 1763.0 1998.0 2067.0 2075.0 2032.0 2038.0 1994.0 1981.0 2054.0 2070.0 2080.0 2042.0 2029.0 2079.0 2069.0 2055.0 2078.0 2010.0 1951.0 1984.0 1985.0 1959.0 1937.0 2054.0 2054.0 1989.0 1964.0 1815.0 1798.0 1655.0 1582.0 1525.0 1451.0 1440.0 1400.0 1334.0 1294.0 1228.0 1210.0 1165.0 1139.0 1085.0
1466.0 1767.0 1686.0 1483.0 1262.0 981.0 811.0 811.0 848.0 862.0 795.0 813.0 825.0 807.0 799.0 793.0 834.0 807.0 813.0 869.0 874.0 883.0 839.0 836.0 864.0 868.0 864.0 871.0 870.0 869.0 851.0 875.0 926.0 1002.0 1106.0 1121.0 1183.0 1264.0 1870.0 2037.0 2115.0 2003.0 1990.0 1972.0 1983.0 1971.0 1973.0 1983.0 2074.0 2066.0 1994.0 2020.0 2069.0 2046.0 1995.0 1988.0 2010.0 1982.0 1934.0 1950.0 1936.0 1969.0 1903.0 1869.0 1970.0 1995.0 1856.0 1656.0 1583.0 1532.0 1449.0 1412.0 1380.0 1322.0 1286.0 1219.0 1204.0 1162.0 1138.0 1087.0
1655.0 1746.0 1632.0 1299.0 773.0 761.0 783.0 813.0 817.0 761.0 768.0 791.0 789.0 763.0 771.0 790.0 775.0 797.0 806.0 788.0 792.0 802.0 813.0 820.0 800.0 805.0 816.0 833.0 842.0 835.0 832.0 859.0 913.0 1001.0 1055.0 1097.0 1181.0 1232.0 1709.0 1986.0 2057.0 1996.0 2015.0 1954.0 2002.0 1972.0 1969.0 1949.0 1984.0 2042.0 2106.0 2036.0 1964.0 2014.0 2069.0 1985.0 1933.0 1988.0 1965.0 1955.0 1993.0 1969.0 2086.0 2122.0 2067.0 2001.0 1961.0 1819.0 1586.0 1528.0 1447.0 1407.0 1358.0 1309.0 1274.0 1217.0 1206.0 1166.0 1142.0 1094.0
1678.0 1435.0 1100.0 767.0 733.0 763.0 773.0 776.0 738.0 754.0 757.0 742.0 736.0 746.0 742.0 769.0 762.0 771.0 777.0 780.0 780.0 779.0 762.0 801.0 793.0 802.0 799.0 777.0 784.0 817.0 830.0 829.0 875.0 990.0 1012.0 1069.0 1159.0 1121.0 1284.0 1626.0 1951.0 2056.0 2004.0 1965.0 2008.0 1971.0 2016.0 1977.0 1995.0 2029.0 1984.0 1947.0 1959.0 1960.0 1999.0 2004.0 1961.0 1988.0 2007.0 2018.0 1991.0 2035.0 1999.0 1977.0 2027.0 1940.0 1887.0 1887.0 1818.0 1523.0 1445.0 1411.0 1361.0 1312.0 1291.0 1224.0 1208.0 1163.0 1146.0 1084.0
1632.0 1174.0 886.0 724.0 744.0 748.0 729.0 719.0 718.0 730.0 737.0 710.0 714.0 726.0 727.0 711.0 728.0 745.0 737.0 744.0 759.0 739.0 733.0 724.0 746.0 732.0 728.0 733.0 744.0 761.0 791.0 817.0 864.0 908.0 916.0 1024.0 985.0 977.0 995.0 1276.0 1771.0 1993.0 2025.0 1973.0 1986.0 1979.0 1972.0 1939.0 1953.0 1969.0 1931.0 1912.0 1955.0 1973.0 1997.0 2002.0 1946.0 1935.0 1926.0 1905.0 1928.0 1971.0 1986.0 1987.0 2009.0 1937.0 1872.0 1881.0 1846.0 1559.0 1444.0 1426.0 1356.0 1303.0 1271.0 1215.0 1199.0 1161.0 1146.0 1079.0
1346.0 943.0 721.0 692.0 689.0 690.0 689.0 712.0 715.0 693.0 681.0 686.0 686.0 693.0 703.0 697.0 697.0 707.0 708.0 709.0 706.0 712.0 723.0 715.0 721.0 716.0 721.0 729.0 731.0 737.0 760.0 801.0 854.0 879.0 847.0 910.0 939.0 929.0 970.0 1044.0 1645.0 1930.0 2019.0 1971.0 1969.0 1978.0 1962.0 1962.0 1952.0 2009.0 1979.0 1881.0 1935.0 2036.0 2049.0 2011.0 1965.0 1926.0 1924.0 2019.0 2056.0 2029.0 2004.0 1974.0 1965.0 1978.0 1963.0 1879.0 1860.0 1782.0 1550.0 1400.0 1353.0 1304.0 1264.0 1214.0 1197.0 1165.0 1147.0 1080.0
897.0 695.0 687.0 680.0 683.0 690.0 681.0 674.0 669.0 675.0 659.0 680.0 674.0 666.0 671.0 688.0 680.0 671.0 681.0 686.0 694.0 703.0 711.0 708.0 698.0 704.0 720.0 723.0 724.0 730.0 740.0 762.0 793.0 789.0 800.0 871.0 857.0 910.0 919.0 1021.0 1638.0 1930.0 1968.0 1956.0 1945.0 1945.0 1939.0 1940.0 1950.0 1999.0 1956.0 1884.0 1905.0 2012.0 2008.0 2000.0 2002.0 2017.0 2022.0 2021.0 2057.0 2064.0 2027.0 1967.0 1975.0 1985.0 1945.0 1819.0 1846.0 1834.0 1817.0 1640.0 1351.0 1306.0 1286.0 1218.0 1203.0 1169.0 1148.0 1081.0
897.0 693.0 681.0 681.0 688.0 686.0 673.0 656.0 654.0 659.0 661.0 654.0 653.0 662.0 665.0 664.0 665.0 662.0 666.0 673.0 679.0 680.0 680.0 692.0 689.0 700.0 696.0 711.0 720.0 725.0 738.0 758.0 770.0 784.0 787.0 821.0 814.0 900.0 916.0 968.0 1634.0 1950.0 1964.0 1899.0 1944.0 1951.0 1928.0 1911.0 1951.0 1983.0 1958.0 1922.0 1903.0 1951.0 1991.0 1993.0 1964.0 2000.0 1999.0 1928.0 1970.0 2032.0 1992.0 1926.0 1968.0 1942.0 1880.0 1818.0 1862.0 1838.0 1818.0 1851.0 1513.0 1309.0 1267.0 1218.0 1197.0 1163.0 1146.0 1081.0
693.0 687.0 682.0 680.0 679.0 673.0 664.0 649.0 647.0 646.0 651.0 642.0 648.0 652.0 650.0 648.0 657.0 660.0 662.0 664.0 665.0 666.0 669.0 677.0 681.0 691.0 689.0 699.0 710.0 717.0 729.0 745.0 753.0 764.0 783.0 800.0 812.0 883.0 917.0 969.0 1771.0 1959.0 2020.0 1899.0 1960.0 1993.0 1944.0 1928.0 1946.0 1960.0 1928.0 1917.0 1907.0 1953.0 1983.0 1971.0 2012.0 2000.0 1917.0 1919.0 1917.0 1941.0 1891.0 1909.0 1917.0 1851.0 1871.0 1871.0 1858.0 1842.0 1770.0 1851.0 1725.0 1363.0 1249.0 1213.0 1189.0 1168.0 1148.0 1081.0
