1165.0 1165.0 1523.0 1832.0 1712.0 1568.0 1353.0 1832.0 1729.0 1577.0 1730.0 2076.0 1737.0 1718.0 1781.0 1951.0 1986.0 2061.0 1901.0 1901.0 1909.0 1901.0 1840.0 1893.0 1901.0 1903.0 1833.0 1963.0 2063.0 2056.0 2062.0 2122.0 2087.0 1930.0 1930.0 2088.0 2125.0 2131.0 2080.0 2138.0 2069.0 2150.0 2146.0 2186.0 2197.0 2085.0 2082.0 2126.0 2157.0 2203.0 2184.0 2198.0 2174.0 2202.0 2171.0 2166.0 2209.0 2182.0 2169.0 2161.0 2168.0 2164.0 2162.0 2213.0 2169.0 2122.0 2101.0 2067.0 2179.0 2221.0 2207.0 2164.0 2124.0 2104.0 2055.0 1888.0 1867.0 1883.0 1846.0 1700.0
1415.0 1458.0 1381.0 1552.0 1456.0 1245.0 1420.0 1641.0 1643.0 1527.0 1534.0 2002.0 1775.0 1740.0 1892.0 2003.0 1787.0 2004.0 1946.0 1929.0 1944.0 1894.0 1859.0 1902.0 1924.0 1937.0 1971.0 2083.0 1940.0 2008.0 2105.0 2064.0 2083.0 2095.0 2051.0 2076.0 2133.0 2079.0 2051.0 2071.0 2086.0 2121.0 2081.0 2121.0 2135.0 2135.0 2162.0 2171.0 2159.0 2159.0 2160.0 2165.0 2150.0 2167.0 2110.0 2105.0 2185.0 2187.0 2273.0 2243.0 2167.0 2169.0 2152.0 2180.0 2174.0 2120.0 2115.0 2113.0 2189.0 2191.0 2172.0 2138.0 2107.0 2089.0 2059.0 1902.0 1849.0 1828.0 1819.0 1718.0
1498.0 1458.0 1375.0 1509.0 1456.0 1369.0 1629.0 1530.0 1519.0 1527.0 1304.0 1858.0 1920.0 1899.0 1893.0 1895.0 1901.0 1922.0 1971.0 1944.0 1952.0 1961.0 1850.0 1904.0 1919.0 2105.0 2127.0 2083.0 2033.0 1990.0 1977.0 2055.0 2134.0 2089.0 2050.0 2085.0 2134.0 2082.0 2060.0 2068.0 2134.0 2116.0 2081.0 2098.0 2112.0 2143.0 2197.0 2175.0 2156.0 2160.0 2164.0 2175.0 2140.0 2161.0 2121.0 2105.0 2183.0 2162.0 2273.0 2243.0 2140.0 2148.0 2145.0 2150.0 2171.0 2115.0 2112.0 2112.0 2099.0 2102.0 2073.0 2130.0 2114.0 2108.0 2058.0 1915.0 1856.0 1837.0 1822.0 1749.0
1395.0 1679.0 1372.0 1514.0 1669.0 1758.0 1802.0 1661.0 1519.0 1649.0 1699.0 1724.0 1908.0 2014.0 1913.0 1885.0 1984.0 1942.0 1977.0 1952.0 1957.0 2026.0 1970.0 1900.0 1945.0 1979.0 1975.0 1986.0 2005.0 1996.0 2033.0 2051.0 2065.0 2087.0 2054.0 2073.0 2159.0 2108.0 2062.0 2079.0 2162.0 2110.0 2137.0 2110.0 2114.0 2142.0 2192.0 2162.0 2110.0 2156.0 2180.0 2203.0 2144.0 2136.0 2144.0 2208.0 2194.0 2158.0 2145.0 2149.0 2139.0 2146.0 2148.0 2144.0 2087.0 2092.0 2113.0 2068.0 2096.0 2104.0 2078.0 2125.0 2124.0 2116.0 2052.0 1933.0 1877.0 1872.0 1831.0 1746.0
1271.0 1721.0 1370.0 1517.0 1743.0 1619.0 1500.0 1530.0 1741.0 1895.0 1690.0 1846.0 1886.0 1897.0 1896.0 1895.0 1984.0 1941.0 1948.0 1941.0 1928.0 1958.0 1845.0 1941.0 1911.0 1867.0 1980.0 2026.0 2001.0 1970.0 1959.0 2047.0 2065.0 2007.0 1925.0 2082.0 2165.0 2145.0 2067.0 2079.0 2158.0 2176.0 2195.0 2146.0 2117.0 2139.0 2189.0 2184.0 2124.0 2155.0 2202.0 2191.0 2141.0 2177.0 2225.0 2211.0 2179.0 2162.0 2146.0 2146.0 2157.0 2149.0 2141.0 2153.0 2150.0 2092.0 2054.0 2069.0 2148.0 2128.0 2091.0 2087.0 2071.0 2069.0 1990.0 1946.0 1901.0 1862.0 1828.0 1745.0
1395.0 1665.0 1368.0 1415.0 1682.0 1797.0 1804.0 1665.0 1616.0 1895.0 1688.0 1843.0 1891.0 1799.0 1762.0 1871.0 1900.0 1798.0 1875.0 1984.0 1983.0 2027.0 1979.0 1982.0 1933.0 1959.0 1986.0 1983.0 1999.0 2053.0 2042.0 2049.0 2059.0 2009.0 1891.0 2080.0 2121.0 2150.0 2096.0 2086.0 2113.0 2177.0 2164.0 2142.0 2132.0 2136.0 2188.0 2203.0 2150.0 2138.0 2186.0 2209.0 2192.0 2201.0 2227.0 2216.0 2221.0 2196.0 2195.0 2191.0 2184.0 2149.0 2138.0 2150.0 2156.0 2108.0 2038.0 2030.0 2050.0 2097.0 2100.0 2092.0 2130.0 2094.0 1982.0 1940.0 1904.0 1859.0 1830.0 1748.0
1724.0 1704.0 1358.0 1179.0 1535.0 1751.0 1803.0 1715.0 1613.0 1783.0 1687.0 1736.0 1882.0 1868.0 1760.0 1864.0 1870.0 1793.0 1734.0 1723.0 1717.0 1942.0 1979.0 1951.0 1904.0 1940.0 1977.0 1977.0 1991.0 1971.0 1964.0 2056.0 2075.0 2081.0 1923.0 2075.0 2101.0 2104.0 2105.0 2079.0 2100.0 2109.0 2117.0 2140.0 2166.0 2138.0 2129.0 2151.0 2150.0 2227.0 2215.0 2193.0 2201.0 2217.0 2226.0 2214.0 2218.0 2196.0 2198.0 2182.0 2192.0 2190.0 2182.0 2170.0 2112.0 2110.0 2191.0 2117.0 2052.0 2095.0 2101.0 2176.0 2135.0 2052.0 2041.0 1979.0 1918.0 1884.0 1833.0 1743.0
1616.0 1732.0 1631.0 1523.0 1698.0 1619.0 1688.0 1687.0 1564.0 1783.0 1789.0 1733.0 1811.0 1903.0 1914.0 1701.0 1824.0 1978.0 1988.0 1942.0 1925.0 1892.0 1811.0 1990.0 1850.0 1920.0 1972.0 2027.0 2011.0 1923.0 1891.0 2060.0 2049.0 2107.0 1900.0 2084.0 2099.0 2094.0 2089.0 2066.0 2096.0 2104.0 2129.0 2134.0 2136.0 2136.0 2130.0 2209.0 2199.0 2235.0 2255.0 2188.0 2133.0 2123.0 2147.0 2216.0 2234.0 2200.0 2146.0 2175.0 2159.0 2153.0 2150.0 2155.0 2154.0 2157.0 2170.0 2175.0 2127.0 2083.0 2128.0 2179.0 2104.0 2058.0 2038.0 2020.0 1907.0 1850.0 1825.0 1739.0
1316.0 1679.0 1631.0 1420.0 1532.0 1464.0 1591.0 1690.0 1550.0 1685.0 1789.0 1793.0 1684.0 1809.0 1897.0 1888.0 1874.0 1910.0 1940.0 1990.0 1979.0 1951.0 1824.0 1957.0 1916.0 1954.0 1980.0 1978.0 2001.0 1983.0 1892.0 2012.0 2020.0 2067.0 1924.0 2068.0 2087.0 2101.0 2091.0 2086.0 2093.0 2103.0 2134.0 2139.0 2171.0 2176.0 2172.0 2182.0 2199.0 2228.0 2193.0 2186.0 2208.0 2198.0 2202.0 2216.0 2203.0 2112.0 2124.0 2153.0 2154.0 2146.0 2140.0 2155.0 2151.0 2176.0 2155.0 2111.0 2107.0 2062.0 2055.0 2082.0 2075.0 2055.0 2044.0 2028.0 1906.0 1846.0 1835.0 1759.0
1394.0 1412.0 1475.0 1411.0 1424.0 1466.0 1598.0 1721.0 1687.0 1577.0 1607.0 1733.0 1817.0 1847.0 1956.0 1864.0 1776.0 1786.0 1870.0 1946.0 1835.0 1804.0 1806.0 1955.0 2036.0 1969.0 2010.0 1999.0 1994.0 2061.0 1965.0 1980.0 2042.0 1991.0 2037.0 2028.0 2068.0 2103.0 2111.0 2103.0 2107.0 2114.0 2139.0 2136.0 2173.0 2152.0 2130.0 2145.0 2137.0 2135.0 2177.0 2188.0 2196.0 2196.0 2202.0 2233.0 2214.0 2113.0 2197.0 2195.0 2159.0 2183.0 2184.0 2156.0 2121.0 2146.0 2164.0 2124.0 2114.0 2110.0 2107.0 2069.0 2071.0 2055.0 2025.0 2017.0 1922.0 1832.0 1824.0 1752.0
1614.0 1523.0 1490.0 1593.0 1425.0 1535.0 1688.0 1699.0 1950.0 1685.0 1608.0 1647.0 1603.0 1372.0 1667.0 1821.0 1843.0 1925.0 1950.0 1855.0 1835.0 1887.0 1846.0 1948.0 2036.0 2037.0 2022.0 2005.0 1997.0 2062.0 2044.0 2013.0 2037.0 1999.0 2026.0 2032.0 2077.0 2148.0 2121.0 2089.0 2090.0 2137.0 2155.0 2123.0 2128.0 2151.0 2129.0 2226.0 2215.0 2144.0 2162.0 2188.0 2209.0 2167.0 2114.0 2135.0 2230.0 2199.0 2140.0 2188.0 2282.0 2221.0 2180.0 2161.0 2119.0 2152.0 2192.0 2142.0 2140.0 2122.0 2065.0 2104.0 2120.0 2065.0 2051.0 2005.0 1897.0 1888.0 1834.0 1766.0
1559.0 1523.0 1488.0 1596.0 1478.0 1466.0 1593.0 1688.0 1877.0 1917.0 1915.0 1907.0 1874.0 1614.0 1687.0 1691.0 1825.0 1925.0 1930.0 1863.0 1835.0 1884.0 1845.0 1912.0 1921.0 1950.0 1969.0 1923.0 1968.0 2061.0 2046.0 2054.0 2041.0 1989.0 2026.0 2035.0 2093.0 2100.0 2117.0 2109.0 2089.0 2099.0 2133.0 2129.0 2179.0 2186.0 2129.0 2097.0 2093.0 2140.0 2155.0 2181.0 2208.0 2175.0 2156.0 2140.0 2211.0 2194.0 2201.0 2194.0 2192.0 2148.0 2128.0 2161.0 2123.0 2132.0 2150.0 2156.0 2118.0 2059.0 2073.0 2094.0 2085.0 2065.0 2052.0 2019.0 1891.0 1840.0 1819.0 1746.0
1323.0 1329.0 1349.0 1220.0 1428.0 1574.0 1601.0 1417.0 1687.0 1812.0 1700.0 1647.0 1820.0 1620.0 1747.0 1815.0 1779.0 1806.0 1857.0 1834.0 1835.0 1840.0 1847.0 1913.0 1840.0 1845.0 1918.0 1923.0 1999.0 1987.0 2043.0 2013.0 2033.0 2060.0 2095.0 2126.0 2123.0 2156.0 2115.0 2112.0 2130.0 2139.0 2134.0 2137.0 2130.0 2131.0 2157.0 2140.0 2095.0 2133.0 2172.0 2180.0 2210.0 2172.0 2175.0 2202.0 2207.0 2192.0 2159.0 2164.0 2161.0 2149.0 2126.0 2159.0 2169.0 2178.0 2203.0 2169.0 2087.0 2063.0 2056.0 2063.0 2096.0 2073.0 2022.0 1929.0 1894.0 1821.0 1815.0 1753.0
1161.0 1170.0 1349.0 1037.0 1055.0 1289.0 1542.0 1313.0 1324.0 1455.0 1462.0 1450.0 1603.0 1615.0 1663.0 1686.0 1601.0 1598.0 1676.0 1676.0 1835.0 1847.0 1889.0 1907.0 1918.0 1943.0 1921.0 1914.0 1947.0 1970.0 1954.0 1894.0 2038.0 2055.0 2063.0 2126.0 2061.0 2072.0 2063.0 2046.0 2073.0 2117.0 2131.0 2125.0 2134.0 2149.0 2150.0 2143.0 2101.0 2136.0 2168.0 2118.0 2168.0 2169.0 2125.0 2134.0 2140.0 2140.0 2156.0 2181.0 2183.0 2153.0 2125.0 2156.0 2120.0 2137.0 2198.0 2157.0 2131.0 2120.0 2100.0 2109.0 2090.0 2065.0 2037.0 1928.0 1892.0 1860.0 1828.0 1750.0
1141.0 1056.0 1097.0 1053.0 1319.0 1428.0 1319.0 1122.0 1105.0 1094.0 1089.0 1095.0 1261.0 1287.0 1296.0 1242.0 1171.0 1169.0 1236.0 1397.0 1557.0 1828.0 1847.0 1783.0 1833.0 1856.0 1835.0 1851.0 1886.0 1891.0 1943.0 1908.0 1932.0 1949.0 2023.0 1961.0 2013.0 2041.0 2026.0 2044.0 2085.0 2151.0 2133.0 2125.0 2133.0 2119.0 2120.0 2115.0 2083.0 2100.0 2165.0 2178.0 2151.0 2100.0 2119.0 2118.0 2150.0 2173.0 2157.0 2181.0 2190.0 2151.0 2121.0 2093.0 2121.0 2123.0 2127.0 2134.0 2121.0 2125.0 2099.0 2102.0 2066.0 2059.0 2039.0 1935.0 1903.0 1840.0 1815.0 1751.0
1141.0 1170.0 1097.0 1036.0 1055.0 1150.0 1063.0 763.0 707.0 707.0 759.0 775.0 867.0 864.0 864.0 831.0 813.0 811.0 809.0 947.0 1079.0 1539.0 1587.0 1595.0 1803.0 1827.0 1824.0 1842.0 1845.0 1920.0 1806.0 1907.0 1845.0 1958.0 1908.0 2035.0 2013.0 2071.0 2033.0 2023.0 1995.0 2088.0 2129.0 2121.0 2115.0 2105.0 2113.0 2115.0 2106.0 2135.0 2092.0 2127.0 2156.0 2102.0 2163.0 2123.0 2111.0 2136.0 2118.0 2168.0 2188.0 2147.0 2123.0 2100.0 2116.0 2131.0 2125.0 2119.0 2106.0 2099.0 2100.0 2045.0 2039.0 2036.0 2017.0 1939.0 1898.0 1849.0 1818.0 1749.0
934.0 886.0 849.0 836.0 833.0 828.0 784.0 645.0 457.0 466.0 483.0 555.0 647.0 619.0 624.0 629.0 632.0 666.0 633.0 643.0 676.0 898.0 1185.0 1433.0 1572.0 1572.0 1760.0 1839.0 1898.0 1725.0 1813.0 1841.0 1927.0 1943.0 2049.0 2045.0 2128.0 2071.0 2054.0 2051.0 2081.0 2117.0 2124.0 2125.0 2127.0 2139.0 2150.0 2137.0 2144.0 2152.0 2160.0 2132.0 2150.0 2147.0 2145.0 2106.0 2067.0 2102.0 2140.0 2146.0 2150.0 2149.0 2157.0 2159.0 2123.0 2112.0 2097.0 2094.0 2086.0 2081.0 2095.0 2099.0 2090.0 2078.0 2050.0 1951.0 1915.0 1819.0 1803.0 1750.0
534.0 531.0 536.0 564.0 639.0 732.0 784.0 763.0 658.0 487.0 477.0 483.0 485.0 619.0 624.0 625.0 603.0 567.0 589.0 601.0 629.0 662.0 694.0 909.0 1043.0 1191.0 1386.0 1387.0 1518.0 1520.0 1785.0 1849.0 1843.0 1919.0 1909.0 1920.0 2013.0 2028.0 2030.0 2017.0 2094.0 2157.0 2121.0 2119.0 2120.0 2146.0 2158.0 2143.0 2139.0 2089.0 2092.0 2118.0 2144.0 2158.0 2120.0 2119.0 2112.0 2098.0 2101.0 2131.0 2158.0 2140.0 2123.0 2139.0 2122.0 2109.0 2102.0 2096.0 2104.0 2085.0 2099.0 2112.0 2087.0 2081.0 2054.0 1951.0 1916.0 1827.0 1804.0 1746.0
222.0 222.0 300.0 349.0 404.0 547.0 666.0 645.0 705.0 707.0 632.0 497.0 437.0 454.0 501.0 568.0 546.0 553.0 557.0 509.0 527.0 550.0 566.0 588.0 620.0 660.0 706.0 784.0 866.0 868.0 1012.0 1131.0 1325.0 1614.0 1904.0 1981.0 1958.0 1965.0 1965.0 2000.0 2077.0 2086.0 2098.0 2122.0 2120.0 2116.0 2124.0 2121.0 2145.0 2080.0 2090.0 2150.0 2140.0 2150.0 2146.0 2108.0 2148.0 2156.0 2113.0 2115.0 2158.0 2130.0 2111.0 2144.0 2129.0 2119.0 2111.0 2110.0 2108.0 2085.0 2103.0 2101.0 2081.0 2067.0 2030.0 1934.0 1908.0 1821.0 1808.0 1749.0
367.0 328.0 328.0 335.0 297.0 302.0 304.0 348.0 457.0 480.0 496.0 520.0 455.0 412.0 396.0 452.0 538.0 553.0 582.0 591.0 595.0 558.0 567.0 576.0 617.0 660.0 706.0 678.0 682.0 618.0 625.0 652.0 674.0 1023.0 1442.0 1749.0 1958.0 1960.0 1871.0 1861.0 2001.0 2070.0 2108.0 2125.0 2116.0 2086.0 2097.0 2111.0 2111.0 2075.0 2091.0 2113.0 2126.0 2148.0 2140.0 2125.0 2096.0 2092.0 2105.0 2130.0 2141.0 2103.0 2104.0 2135.0 2133.0 2131.0 2147.0 2118.0 2105.0 2078.0 2100.0 2092.0 2071.0 2065.0 2030.0 1922.0 1903.0 1842.0 1809.0 1740.0
367.0 404.0 364.0 347.0 294.0 240.0 222.0 222.0 228.0 245.0 360.0 388.0 476.0 448.0 372.0 338.0 366.0 383.0 397.0 397.0 419.0 542.0 567.0 574.0 550.0 547.0 547.0 560.0 563.0 567.0 620.0 652.0 647.0 661.0 784.0 1078.0 1596.0 1953.0 1965.0 1987.0 2027.0 2042.0 2044.0 2123.0 2118.0 2089.0 2114.0 2098.0 2098.0 2081.0 2089.0 2076.0 2071.0 2077.0 2103.0 2096.0 2075.0 2095.0 2095.0 2097.0 2092.0 2122.0 2106.0 2148.0 2142.0 2154.0 2157.0 2098.0 2084.0 2078.0 2075.0 2077.0 2084.0 2082.0 2050.0 1910.0 1828.0 1793.0 1791.0 1721.0
225.0 243.0 261.0 262.0 288.0 288.0 294.0 234.0 231.0 234.0 234.0 274.0 424.0 462.0 500.0 425.0 375.0 377.0 402.0 437.0 418.0 406.0 429.0 479.0 531.0 544.0 520.0 556.0 562.0 534.0 583.0 609.0 621.0 661.0 677.0 828.0 1088.0 1550.0 1870.0 1987.0 2021.0 2040.0 2043.0 2064.0 2071.0 2073.0 2112.0 2111.0 2090.0 2079.0 2091.0 2080.0 2074.0 2071.0 2085.0 2093.0 2089.0 2097.0 2101.0 2088.0 2085.0 2112.0 2095.0 2103.0 2132.0 2136.0 2150.0 2097.0 2059.0 2072.0 2079.0 2073.0 2083.0 2081.0 2029.0 1913.0 1839.0 1802.0 1802.0 1736.0
216.0 218.0 235.0 237.0 238.0 243.0 286.0 292.0 337.0 362.0 365.0 386.0 385.0 343.0 339.0 338.0 374.0 375.0 367.0 357.0 363.0 415.0 450.0 478.0 487.0 488.0 495.0 481.0 479.0 479.0 478.0 480.0 483.0 504.0 555.0 642.0 858.0 1106.0 1519.0 1861.0 1987.0 2046.0 2077.0 2035.0 2050.0 2032.0 2078.0 2083.0 2084.0 2077.0 2083.0 2072.0 2087.0 2074.0 2084.0 2084.0 2078.0 2090.0 2102.0 2096.0 2070.0 2070.0 2068.0 2081.0 2115.0 2093.0 2088.0 2080.0 2066.0 2067.0 2044.0 2050.0 2006.0 2011.0 2019.0 1911.0 1844.0 1818.0 1806.0 1737.0
246.0 246.0 250.0 240.0 235.0 237.0 222.0 239.0 333.0 370.0 387.0 387.0 396.0 400.0 374.0 344.0 333.0 328.0 366.0 403.0 412.0 404.0 396.0 411.0 465.0 476.0 481.0 479.0 474.0 477.0 469.0 465.0 461.0 484.0 528.0 546.0 576.0 731.0 1063.0 1645.0 1986.0 2038.0 2078.0 2053.0 2064.0 2079.0 2071.0 2083.0 2084.0 2071.0 2075.0 2083.0 2103.0 2074.0 2081.0 2078.0 2083.0 2084.0 2085.0 2082.0 2072.0 2080.0 2080.0 2086.0 2078.0 2095.0 2081.0 2074.0 2084.0 2074.0 2048.0 2024.0 2006.0 2006.0 2013.0 1907.0 1837.0 1817.0 1807.0 1733.0
280.0 276.0 255.0 241.0 238.0 244.0 246.0 227.0 228.0 235.0 244.0 264.0 370.0 393.0 398.0 387.0 361.0 358.0 359.0 354.0 365.0 397.0 383.0 387.0 414.0 436.0 448.0 459.0 445.0 457.0 446.0 436.0 430.0 445.0 467.0 518.0 537.0 551.0 777.0 1308.0 1810.0 2032.0 2044.0 2060.0 2091.0 2075.0 2060.0 2082.0 2083.0 2021.0 2027.0 2082.0 2075.0 2062.0 2075.0 2085.0 2081.0 2069.0 2080.0 2076.0 2063.0 2070.0 2084.0 2086.0 2072.0 2099.0 2089.0 2080.0 2082.0 2080.0 2069.0 2018.0 2008.0 2015.0 2004.0 1909.0 1842.0 1807.0 1802.0 1726.0
269.0 263.0 252.0 244.0 240.0 244.0 243.0 241.0 245.0 242.0 247.0 277.0 311.0 376.0 397.0 400.0 396.0 385.0 367.0 361.0 364.0 380.0 392.0 391.0 401.0 411.0 412.0 408.0 406.0 410.0 404.0 423.0 421.0 420.0 447.0 501.0 513.0 527.0 604.0 967.0 1486.0 1964.0 2047.0 2027.0 2061.0 2082.0 2074.0 2079.0 2083.0 2027.0 2027.0 2068.0 2065.0 2065.0 2078.0 2082.0 2069.0 2081.0 2077.0 2072.0 2061.0 2065.0 2092.0 2092.0 2068.0 2073.0 2077.0 2083.0 2084.0 2119.0 2127.0 2071.0 2000.0 2005.0 2008.0 1932.0 1873.0 1813.0 1801.0 1738.0
230.0 234.0 245.0 242.0 239.0 244.0 247.0 270.0 336.0 361.0 361.0 362.0 353.0 360.0 367.0 376.0 416.0 453.0 438.0 367.0 362.0 374.0 379.0 385.0 399.0 410.0 413.0 408.0 408.0 403.0 394.0 390.0 396.0 401.0 408.0 452.0 474.0 513.0 546.0 703.0 1085.0 1660.0 2024.0 1996.0 1988.0 2004.0 2071.0 2077.0 2082.0 2063.0 2064.0 2075.0 2080.0 2066.0 2079.0 2076.0 2012.0 2042.0 2070.0 2071.0 2059.0 2052.0 2075.0 2074.0 2066.0 2070.0 2066.0 2071.0 2080.0 2078.0 2125.0 2076.0 2001.0 2002.0 2002.0 1958.0 1913.0 1817.0 1799.0 1735.0
229.0 212.0 231.0 240.0 240.0 246.0 255.0 256.0 262.0 263.0 254.0 264.0 274.0 277.0 284.0 353.0 405.0 394.0 409.0 408.0 374.0 378.0 372.0 381.0 398.0 409.0 413.0 406.0 408.0 404.0 395.0 390.0 387.0 388.0 395.0 415.0 433.0 472.0 483.0 535.0 814.0 1351.0 1856.0 2003.0 2035.0 2066.0 2084.0 2068.0 2064.0 2057.0 2058.0 2041.0 2044.0 2060.0 2071.0 2070.0 2010.0 2032.0 2050.0 2070.0 2058.0 2058.0 2067.0 2052.0 2064.0 2068.0 2073.0 2078.0 2080.0 2044.0 2044.0 2007.0 1979.0 1998.0 1984.0 1915.0 1905.0 1806.0 1745.0 1676.0
239.0 235.0 238.0 243.0 243.0 247.0 255.0 258.0 259.0 259.0 254.0 264.0 269.0 277.0 297.0 357.0 408.0 384.0 429.0 427.0 411.0 392.0 385.0 391.0 403.0 409.0 411.0 412.0 408.0 407.0 395.0 387.0 381.0 385.0 393.0 405.0 416.0 445.0 462.0 516.0 688.0 1028.0 1605.0 1998.0 2034.0 2102.0 2089.0 2064.0 2077.0 2046.0 2048.0 2050.0 2043.0 2074.0 2064.0 2040.0 2036.0 2038.0 2036.0 2064.0 2055.0 2059.0 2074.0 2044.0 2056.0 2066.0 2112.0 2125.0 2106.0 2077.0 2018.0 1957.0 1958.0 1993.0 1964.0 1855.0 1840.0 1760.0 1743.0 1688.0
235.0 242.0 243.0 245.0 243.0 245.0 251.0 258.0 261.0 264.0 281.0 283.0 272.0 279.0 306.0 353.0 415.0 408.0 432.0 414.0 413.0 407.0 420.0 424.0 422.0 418.0 424.0 437.0 425.0 409.0 394.0 384.0 382.0 386.0 393.0 405.0 415.0 443.0 459.0 509.0 666.0 826.0 1389.0 1991.0 1994.0 2009.0 1999.0 2027.0 2078.0 2048.0 2055.0 2092.0 2082.0 2104.0 2035.0 2030.0 2043.0 2034.0 2032.0 2045.0 2053.0 2046.0 2029.0 2038.0 2065.0 2072.0 2077.0 2086.0 2088.0 2064.0 2012.0 1852.0 1845.0 1870.0 1859.0 1825.0 1805.0 1764.0 1790.0 1728.0
230.0 235.0 238.0 244.0 245.0 251.0 256.0 260.0 262.0 263.0 269.0 273.0 267.0 265.0 282.0 347.0 394.0 374.0 317.0 321.0 349.0 399.0 436.0 441.0 439.0 429.0 431.0 442.0 436.0 407.0 405.0 391.0 389.0 389.0 394.0 405.0 418.0 443.0 455.0 505.0 661.0 822.0 1389.0 1989.0 1998.0 2001.0 1998.0 2029.0 2051.0 2047.0 2044.0 2093.0 2090.0 2095.0 2039.0 2034.0 2045.0 2047.0 2046.0 2036.0 2050.0 2051.0 2027.0 2042.0 2071.0 2070.0 2071.0 2068.0 2054.0 2031.0 2014.0 1852.0 1845.0 1866.0 1858.0 1839.0 1812.0 1760.0 1761.0 1678.0
231.0 229.0 237.0 248.0 261.0 256.0 260.0 260.0 261.0 261.0 260.0 263.0 264.0 261.0 284.0 346.0 334.0 295.0 285.0 306.0 334.0 399.0 440.0 444.0 441.0 435.0 436.0 453.0 450.0 417.0 425.0 393.0 390.0 389.0 391.0 399.0 411.0 443.0 462.0 524.0 680.0 834.0 1389.0 1984.0 2002.0 2027.0 2075.0 2099.0 2055.0 2041.0 2044.0 2090.0 2080.0 2075.0 2063.0 2091.0 2091.0 2099.0 2065.0 2032.0 2050.0 2054.0 2029.0 2027.0 2054.0 2069.0 2111.0 2106.0 2108.0 2072.0 2026.0 1990.0 1959.0 1980.0 1958.0 1893.0 1848.0 1762.0 1744.0 1677.0
240.0 236.0 242.0 249.0 262.0 256.0 254.0 258.0 261.0 261.0 256.0 253.0 263.0 274.0 306.0 343.0 333.0 301.0 306.0 317.0 342.0 406.0 436.0 434.0 435.0 438.0 448.0 456.0 468.0 475.0 446.0 405.0 398.0 389.0 391.0 405.0 415.0 452.0 651.0 707.0 720.0 936.0 1480.0 1987.0 2002.0 2017.0 2048.0 2099.0 2054.0 2037.0 2062.0 2084.0 2082.0 2079.0 2068.0 2100.0 2060.0 2071.0 2070.0 2033.0 2033.0 2049.0 2025.0 2001.0 2000.0 2037.0 2094.0 2117.0 2122.0 2094.0 2033.0 2009.0 1957.0 1968.0 1968.0 1855.0 1823.0 1768.0 1746.0 1697.0
238.0 241.0 242.0 244.0 250.0 259.0 251.0 255.0 257.0 256.0 260.0 252.0 261.0 278.0 313.0 339.0 337.0 317.0 290.0 305.0 311.0 398.0 444.0 449.0 446.0 451.0 463.0 461.0 471.0 481.0 476.0 522.0 406.0 392.0 392.0 400.0 409.0 473.0 667.0 708.0 720.0 1122.0 1749.0 1993.0 1998.0 2009.0 1995.0 2009.0 2019.0 2049.0 2068.0 2091.0 2109.0 2104.0 2011.0 1909.0 1780.0 1787.0 1997.0 2035.0 1962.0 2031.0 2031.0 2003.0 1996.0 2014.0 2060.0 2078.0 2097.0 2071.0 2038.0 2004.0 1938.0 1945.0 1971.0 1832.0 1800.0 1776.0 1745.0 1680.0
225.0 240.0 267.0 248.0 241.0 253.0 256.0 258.0 260.0 260.0 261.0 276.0 263.0 293.0 355.0 365.0 339.0 299.0 299.0 315.0 337.0 607.0 722.0 723.0 667.0 602.0 590.0 578.0 581.0 534.0 535.0 534.0 513.0 409.0 420.0 419.0 424.0 536.0 679.0 708.0 729.0 1361.0 1995.0 1994.0 1993.0 2023.0 2002.0 2002.0 2017.0 2052.0 2043.0 1970.0 1692.0 1692.0 1484.0 1324.0 1313.0 1341.0 1484.0 1830.0 1960.0 1921.0 1967.0 1885.0 1966.0 2002.0 1975.0 2021.0 2035.0 1997.0 2022.0 1996.0 1949.0 1973.0 1972.0 1866.0 1852.0 1836.0 1784.0 1714.0
221.0 236.0 274.0 274.0 269.0 250.0 254.0 254.0 251.0 253.0 256.0 251.0 264.0 341.0 396.0 401.0 379.0 400.0 376.0 371.0 417.0 1072.0 1319.0 1319.0 1073.0 928.0 905.0 808.0 901.0 808.0 971.0 985.0 907.0 802.0 781.0 682.0 675.0 723.0 815.0 830.0 858.0 1480.0 2032.0 2025.0 1998.0 2026.0 2055.0 1999.0 1826.0 1826.0 1661.0 1423.0 991.0 906.0 907.0 908.0 949.0 992.0 1005.0 1304.0 1732.0 1831.0 1632.0 1498.0 1632.0 1832.0 1975.0 2029.0 2026.0 1975.0 1932.0 1947.0 1951.0 1974.0 1974.0 1920.0 1858.0 1835.0 1800.0 1731.0
199.0 194.0 210.0 240.0 255.0 255.0 241.0 218.0 225.0 242.0 253.0 250.0 364.0 409.0 434.0 427.0 400.0 404.0 346.0 325.0 564.0 1154.0 1578.0 1706.0 1725.0 1708.0 1761.0 1533.0 1573.0 1405.0 1556.0 1602.0 1570.0 1559.0 1318.0 944.0 900.0 831.0 821.0 833.0 941.0 1480.0 2008.0 2028.0 1982.0 1892.0 1882.0 1598.0 1403.0 1248.0 1064.0 914.0 860.0 818.0 781.0 804.0 815.0 821.0 832.0 923.0 1170.0 1587.0 1587.0 1132.0 1119.0 1444.0 1900.0 2049.0 2042.0 1966.0 1914.0 1914.0 1930.0 1968.0 1974.0 1916.0 1850.0 1806.0 1798.0 1731.0
194.0 195.0 198.0 209.0 221.0 228.0 215.0 216.0 228.0 244.0 261.0 312.0 366.0 410.0 431.0 410.0 378.0 336.0 306.0 351.0 766.0 1378.0 1714.0 1789.0 1802.0 1807.0 1876.0 1868.0 1921.0 1762.0 1911.0 1946.0 1915.0 1949.0 1930.0 1933.0 1727.0 1128.0 828.0 835.0 1263.0 1784.0 1996.0 2003.0 1876.0 1661.0 1414.0 1109.0 1109.0 916.0 860.0 813.0 686.0 683.0 776.0 804.0 815.0 818.0 780.0 788.0 839.0 1103.0 1206.0 804.0 479.0 807.0 1536.0 1907.0 1914.0 1933.0 1914.0 1921.0 1927.0 1930.0 1950.0 1857.0 1849.0 1787.0 1780.0 1728.0
190.0 208.0 208.0 228.0 242.0 246.0 249.0 251.0 262.0 287.0 301.0 314.0 372.0 410.0 403.0 384.0 362.0 331.0 309.0 396.0 1027.0 1664.0 1749.0 1676.0 1742.0 1894.0 1865.0 1880.0 1875.0 1847.0 1943.0 1935.0 1859.0 1959.0 1963.0 1932.0 1727.0 1314.0 1024.0 1024.0 1314.0 1794.0 2000.0 1991.0 1802.0 1405.0 1127.0 997.0 809.0 802.0 672.0 653.0 653.0 665.0 663.0 666.0 677.0 689.0 719.0 788.0 742.0 706.0 512.0 386.0 348.0 464.0 1042.0 1548.0 1748.0 1775.0 1775.0 1769.0 1770.0 1774.0 1769.0 1761.0 1816.0 1762.0 1742.0 1701.0
185.0 192.0 206.0 231.0 246.0 247.0 248.0 250.0 269.0 295.0 290.0 315.0 373.0 408.0 390.0 301.0 280.0 259.0 313.0 512.0 1214.0 1703.0 1827.0 1816.0 1807.0 1812.0 1772.0 1776.0 1843.0 1969.0 1983.0 1909.0 1867.0 2014.0 1947.0 1933.0 1898.0 1472.0 1234.0 1234.0 1633.0 1909.0 1959.0 1869.0 1439.0 1027.0 1027.0 817.0 669.0 659.0 624.0 638.0 653.0 664.0 660.0 665.0 628.0 647.0 669.0 655.0 643.0 512.0 421.0 380.0 397.0 398.0 645.0 960.0 1235.0 1458.0 1564.0 1568.0 1567.0 1594.0 1593.0 1595.0 1602.0 1596.0 1572.0 1570.0
192.0 198.0 233.0 244.0 242.0 238.0 223.0 220.0 220.0 235.0 255.0 313.0 369.0 379.0 286.0 295.0 307.0 333.0 483.0 1302.0 1645.0 1823.0 1831.0 1788.0 1805.0 1889.0 1896.0 1953.0 1934.0 2005.0 1975.0 1935.0 1967.0 2014.0 2009.0 2043.0 1975.0 1786.0 1445.0 1445.0 1752.0 1908.0 1445.0 982.0 957.0 957.0 834.0 653.0 666.0 639.0 613.0 612.0 613.0 620.0 639.0 613.0 599.0 641.0 675.0 655.0 465.0 379.0 373.0 400.0 420.0 386.0 373.0 439.0 633.0 947.0 1217.0 1346.0 1356.0 1422.0 1436.0 1445.0 1450.0 1450.0 1440.0 1403.0
250.0 255.0 246.0 247.0 237.0 238.0 235.0 223.0 225.0 241.0 261.0 302.0 267.0 255.0 282.0 297.0 281.0 344.0 1061.0 1660.0 1781.0 1701.0 1714.0 1768.0 1804.0 1894.0 1895.0 1776.0 1994.0 2023.0 1961.0 1937.0 1924.0 2023.0 1982.0 2021.0 1893.0 1807.0 1824.0 1790.0 1929.0 1784.0 1298.0 986.0 956.0 823.0 659.0 648.0 650.0 614.0 618.0 613.0 602.0 590.0 572.0 563.0 596.0 642.0 669.0 559.0 421.0 380.0 412.0 402.0 390.0 351.0 311.0 288.0 377.0 609.0 886.0 1083.0 1248.0 1274.0 1274.0 1274.0 1277.0 1281.0 1289.0 1268.0
227.0 207.0 183.0 175.0 188.0 190.0 206.0 239.0 257.0 250.0 220.0 217.0 258.0 256.0 254.0 269.0 449.0 945.0 1639.0 1757.0 1650.0 1711.0 1748.0 1737.0 1765.0 1881.0 1898.0 1889.0 1958.0 2063.0 1965.0 1998.0 1966.0 1981.0 1940.0 1986.0 1917.0 1809.0 1846.0 1916.0 1957.0 1582.0 1021.0 987.0 910.0 658.0 649.0 654.0 640.0 616.0 618.0 608.0 605.0 588.0 570.0 566.0 602.0 642.0 597.0 465.0 440.0 460.0 432.0 394.0 356.0 343.0 349.0 406.0 432.0 507.0 658.0 884.0 1134.0 1188.0 1174.0 1151.0 1124.0 1121.0 1148.0 1134.0
133.0 72.0 158.0 168.0 132.0 124.0 158.0 199.0 194.0 192.0 197.0 217.0 268.0 242.0 283.0 460.0 838.0 1409.0 1816.0 1881.0 1610.0 1821.0 1837.0 1829.0 1928.0 1948.0 1899.0 1913.0 1956.0 1974.0 1968.0 1988.0 1969.0 2000.0 2000.0 1992.0 1939.0 1982.0 1981.0 1969.0 1956.0 1352.0 920.0 904.0 704.0 645.0 659.0 649.0 610.0 615.0 614.0 608.0 606.0 603.0 592.0 587.0 607.0 642.0 598.0 473.0 511.0 460.0 385.0 388.0 368.0 376.0 431.0 459.0 490.0 507.0 537.0 730.0 924.0 1105.0 1173.0 1138.0 1105.0 1079.0 1065.0 1027.0
294.0 333.0 372.0 274.0 230.0 190.0 201.0 157.0 134.0 153.0 187.0 583.0 3076.0 675.0 413.0 617.0 1092.0 1662.0 1825.0 1880.0 1631.0 1822.0 1844.0 1839.0 1914.0 1953.0 1927.0 1956.0 1967.0 1879.0 1965.0 1986.0 1850.0 1926.0 1920.0 1840.0 1906.0 1917.0 1951.0 1972.0 1378.0 943.0 920.0 765.0 674.0 633.0 616.0 615.0 614.0 620.0 615.0 612.0 607.0 618.0 605.0 591.0 604.0 636.0 599.0 560.0 527.0 461.0 416.0 404.0 403.0 432.0 448.0 432.0 413.0 409.0 403.0 533.0 715.0 906.0 1092.0 1130.0 1100.0 1072.0 1064.0 1015.0
264.0 252.0 176.0 159.0 125.0 124.0 158.0 168.0 136.0 147.0 146.0 963.0 4343.0 941.0 526.0 792.0 1298.0 1675.0 1749.0 1749.0 1763.0 1705.0 1847.0 1859.0 1895.0 1894.0 1901.0 1879.0 1885.0 1880.0 1904.0 1971.0 1969.0 1977.0 1923.0 1969.0 1918.0 1807.0 1930.0 1922.0 1376.0 941.0 807.0 709.0 666.0 640.0 632.0 637.0 635.0 623.0 621.0 622.0 635.0 634.0 624.0 614.0 601.0 603.0 596.0 567.0 522.0 462.0 439.0 440.0 477.0 507.0 450.0 389.0 371.0 375.0 406.0 410.0 578.0 798.0 1068.0 1121.0 1103.0 1079.0 1065.0 1016.0
119.0 72.0 26.0 27.0 76.0 29.0 27.0 35.0 135.0 264.0 396.0 583.0 708.0 941.0 919.0 1201.0 1575.0 1653.0 1645.0 1636.0 1699.0 1796.0 1845.0 1831.0 1835.0 1843.0 1841.0 1883.0 1895.0 1968.0 1966.0 1952.0 1967.0 1959.0 1927.0 1967.0 1967.0 1946.0 1982.0 1925.0 1432.0 991.0 807.0 716.0 685.0 665.0 665.0 671.0 668.0 661.0 656.0 655.0 649.0 639.0 640.0 637.0 614.0 605.0 597.0 586.0 526.0 465.0 470.0 516.0 540.0 510.0 457.0 425.0 392.0 375.0 389.0 384.0 410.0 649.0 963.0 1090.0 1102.0 1087.0 1064.0 1015.0
325.0 302.0 212.0 159.0 505.0 649.0 649.0 923.0 1241.0 1481.0 1652.0 1758.0 1655.0 1469.0 1510.0 1519.0 1689.0 1752.0 1745.0 1776.0 1764.0 1851.0 1869.0 1831.0 1812.0 1849.0 1907.0 1912.0 1887.0 1880.0 1846.0 1725.0 1854.0 1915.0 1985.0 1987.0 1978.0 1939.0 1974.0 1931.0 1871.0 1352.0 919.0 760.0 707.0 706.0 697.0 688.0 683.0 673.0 670.0 662.0 654.0 644.0 643.0 640.0 625.0 605.0 596.0 623.0 542.0 494.0 515.0 531.0 540.0 509.0 461.0 449.0 421.0 423.0 398.0 373.0 400.0 649.0 911.0 1081.0 1101.0 1079.0 1063.0 1016.0
595.0 596.0 646.0 810.0 931.0 1090.0 1299.0 1482.0 1504.0 1521.0 1652.0 1758.0 1660.0 1746.0 1825.0 1715.0 1749.0 1831.0 1813.0 1857.0 1883.0 1821.0 1878.0 1840.0 1802.0 1837.0 1903.0 1958.0 1949.0 1878.0 1848.0 1897.0 1955.0 1954.0 1956.0 1961.0 1966.0 1981.0 1988.0 1944.0 1900.0 1594.0 1106.0 760.0 721.0 714.0 715.0 695.0 689.0 673.0 661.0 654.0 649.0 641.0 642.0 643.0 631.0 564.0 558.0 626.0 628.0 566.0 534.0 523.0 477.0 461.0 459.0 439.0 428.0 434.0 403.0 390.0 403.0 467.0 724.0 949.0 1076.0 1075.0 1058.0 1012.0
994.0 1136.0 1155.0 1142.0 1343.0 1471.0 1473.0 1439.0 1713.0 1719.0 1528.0 1441.0 1720.0 1796.0 1825.0 1895.0 1909.0 1780.0 1689.0 1813.0 1691.0 1811.0 1877.0 1832.0 1803.0 1802.0 1842.0 1878.0 1874.0 1877.0 1955.0 1960.0 1891.0 1919.0 1914.0 1858.0 1962.0 1950.0 1931.0 1819.0 1892.0 1756.0 1106.0 750.0 718.0 715.0 719.0 696.0 693.0 690.0 677.0 664.0 654.0 651.0 644.0 642.0 635.0 558.0 552.0 623.0 629.0 569.0 529.0 462.0 454.0 466.0 465.0 458.0 477.0 463.0 434.0 398.0 393.0 405.0 598.0 837.0 1038.0 1074.0 1058.0 1012.0
1622.0 1600.0 1488.0 1331.0 1607.0 1474.0 1297.0 1293.0 1716.0 1528.0 1558.0 1606.0 1534.0 1681.0 1510.0 1524.0 1715.0 1755.0 1746.0 1808.0 1702.0 1838.0 1819.0 1829.0 1803.0 1798.0 1790.0 1797.0 1798.0 1804.0 1849.0 1958.0 1958.0 1909.0 1913.0 1861.0 1887.0 1830.0 1931.0 1916.0 1969.0 1840.0 1318.0 814.0 732.0 733.0 731.0 703.0 693.0 686.0 678.0 675.0 670.0 664.0 651.0 644.0 637.0 614.0 581.0 578.0 513.0 497.0 478.0 448.0 440.0 458.0 467.0 481.0 482.0 445.0 421.0 403.0 397.0 399.0 435.0 692.0 1015.0 1056.0 1055.0 1011.0
1330.0 1503.0 1544.0 1577.0 1596.0 1446.0 1341.0 1437.0 1641.0 1548.0 1531.0 1626.0 1744.0 1685.0 1808.0 1719.0 1718.0 1729.0 1825.0 1870.0 1701.0 1628.0 1605.0 1783.0 1784.0 1765.0 1772.0 1809.0 1814.0 1776.0 1850.0 1950.0 1959.0 1911.0 1903.0 1918.0 1884.0 1798.0 1847.0 1962.0 1977.0 1845.0 1542.0 982.0 734.0 751.0 742.0 725.0 703.0 694.0 687.0 682.0 674.0 666.0 658.0 646.0 638.0 622.0 589.0 575.0 488.0 443.0 444.0 448.0 432.0 425.0 465.0 482.0 481.0 462.0 454.0 426.0 405.0 402.0 409.0 467.0 771.0 1038.0 1056.0 1011.0
1330.0 1503.0 1503.0 1485.0 1473.0 1536.0 1522.0 1567.0 1708.0 1719.0 1568.0 1613.0 1687.0 1692.0 1716.0 1716.0 1628.0 1708.0 1825.0 1843.0 1683.0 1508.0 1810.0 1788.0 1787.0 1763.0 1789.0 1811.0 1781.0 1814.0 1955.0 1917.0 1945.0 1916.0 1908.0 1935.0 1968.0 1797.0 1821.0 1932.0 1903.0 1838.0 1677.0 1116.0 770.0 760.0 752.0 743.0 709.0 699.0 691.0 682.0 677.0 673.0 671.0 652.0 641.0 623.0 612.0 581.0 488.0 460.0 459.0 460.0 437.0 400.0 410.0 442.0 437.0 450.0 448.0 429.0 412.0 385.0 376.0 414.0 677.0 1024.0 1042.0 1011.0
1422.0 1503.0 1499.0 1558.0 1654.0 1495.0 1475.0 1568.0 1717.0 1638.0 1501.0 1602.0 1710.0 1691.0 1706.0 1610.0 1628.0 1725.0 1828.0 1815.0 1675.0 1628.0 1689.0 1824.0 1790.0 1766.0 1789.0 1770.0 1714.0 1844.0 1857.0 1855.0 1955.0 1917.0 1890.0 1915.0 1970.0 1796.0 1854.0 1899.0 1876.0 1888.0 1834.0 1437.0 1038.0 779.0 754.0 750.0 724.0 704.0 695.0 688.0 682.0 687.0 695.0 688.0 655.0 645.0 671.0 604.0 493.0 494.0 496.0 489.0 454.0 410.0 401.0 432.0 443.0 452.0 447.0 429.0 424.0 405.0 392.0 409.0 532.0 939.0 1034.0 1007.0
1201.0 1065.0 1387.0 1484.0 1284.0 1185.0 1507.0 1691.0 1631.0 1501.0 1537.0 1661.0 1687.0 1679.0 1641.0 1570.0 1774.0 1725.0 1693.0 1797.0 1850.0 1751.0 1712.0 1825.0 1845.0 1665.0 1787.0 1802.0 1803.0 1845.0 1821.0 1825.0 1892.0 1902.0 1872.0 1902.0 1896.0 1812.0 1937.0 1908.0 1827.0 1886.0 1870.0 1701.0 1320.0 1018.0 881.0 883.0 880.0 833.0 804.0 726.0 706.0 706.0 702.0 697.0 683.0 668.0 648.0 580.0 495.0 497.0 469.0 447.0 433.0 407.0 390.0 398.0 435.0 456.0 459.0 442.0 434.0 439.0 417.0 421.0 509.0 820.0 1033.0 1006.0
1035.0 1203.0 1438.0 1307.0 1222.0 1585.0 1828.0 1769.0 1633.0 1638.0 1897.0 1669.0 1512.0 1547.0 1643.0 1571.0 1759.0 1741.0 1680.0 1635.0 1679.0 1711.0 1766.0 1614.0 1926.0 1765.0 1775.0 1807.0 1813.0 1848.0 1875.0 1843.0 1783.0 1905.0 1889.0 1888.0 1893.0 1837.0 1956.0 1902.0 1824.0 1782.0 1845.0 1800.0 1650.0 1391.0 1212.0 1176.0 1147.0 1104.0 1060.0 931.0 912.0 881.0 850.0 827.0 799.0 762.0 703.0 643.0 498.0 478.0 446.0 442.0 448.0 455.0 445.0 459.0 477.0 457.0 463.0 498.0 506.0 504.0 470.0 469.0 509.0 791.0 1029.0 1011.0
1202.0 1380.0 1498.0 1486.0 1520.0 1551.0 1828.0 1767.0 1588.0 1481.0 2044.0 1669.0 1498.0 1548.0 1704.0 1721.0 1754.0 1786.0 1686.0 1635.0 1685.0 1758.0 1787.0 1654.0 1848.0 1897.0 1918.0 1643.0 1690.0 1849.0 1829.0 1897.0 1913.0 1916.0 1853.0 1849.0 1908.0 1850.0 1962.0 1816.0 1835.0 1773.0 1829.0 1782.0 1687.0 1655.0 1552.0 1538.0 1547.0 1552.0 1485.0 1298.0 1240.0 1160.0 1122.0 1088.0 1012.0 996.0 949.0 731.0 504.0 468.0 459.0 455.0 458.0 485.0 479.0 449.0 440.0 451.0 459.0 501.0 512.0 514.0 517.0 521.0 511.0 782.0 1027.0 1008.0
1398.0 1380.0 1443.0 1548.0 1520.0 1359.0 1500.0 1287.0 1116.0 1363.0 1897.0 1688.0 1706.0 1677.0 1704.0 1830.0 1862.0 1784.0 1787.0 1748.0 1686.0 1712.0 1708.0 1654.0 1850.0 1665.0 1797.0 1645.0 1702.0 1837.0 1878.0 1988.0 1965.0 1811.0 1883.0 1854.0 1973.0 1869.0 1962.0 1759.0 1831.0 1793.0 1851.0 1754.0 1664.0 1773.0 1785.0 1739.0 1698.0 1775.0 1716.0 1653.0 1607.0 1576.0 1563.0 1474.0 1331.0 1312.0 1304.0 962.0 530.0 511.0 542.0 564.0 566.0 531.0 499.0 476.0 469.0 455.0 462.0 495.0 503.0 497.0 523.0 524.0 508.0 773.0 1027.0 1001.0
1235.0 1203.0 1254.0 1307.0 1223.0 1315.0 1508.0 1315.0 1358.0 1486.0 1524.0 1669.0 1366.0 1505.0 1701.0 1741.0 1863.0 1720.0 1785.0 1745.0 1689.0 1710.0 1794.0 1876.0 1840.0 1889.0 1815.0 1707.0 1722.0 1852.0 1883.0 1889.0 1895.0 1811.0 1825.0 1893.0 1907.0 1851.0 1771.0 1639.0 1828.0 1802.0 1826.0 1759.0 1696.0 1819.0 1874.0 1870.0 1783.0 1803.0 1733.0 1622.0 1606.0 1606.0 1653.0 1594.0 1625.0 1610.0 1609.0 1185.0 573.0 524.0 548.0 581.0 572.0 527.0 498.0 475.0 478.0 466.0 470.0 475.0 482.0 458.0 503.0 478.0 509.0 773.0 1014.0 1005.0
1379.0 1213.0 960.0 960.0 1210.0 1369.0 1558.0 1309.0 1280.0 1381.0 1621.0 1826.0 1500.0 1449.0 1641.0 1827.0 1635.0 1704.0 1683.0 1744.0 1705.0 1723.0 1792.0 1878.0 1930.0 1890.0 1765.0 1807.0 1925.0 1804.0 1621.0 1714.0 1783.0 1620.0 1806.0 1877.0 1759.0 1866.0 1771.0 1810.0 1841.0 1913.0 1702.0 1759.0 1655.0 1820.0 1785.0 1870.0 1870.0 1796.0 1707.0 1639.0 1611.0 1606.0 1563.0 1594.0 1625.0 1753.0 1693.0 1185.0 602.0 527.0 536.0 576.0 573.0 513.0 497.0 485.0 487.0 495.0 493.0 498.0 508.0 471.0 466.0 464.0 543.0 807.0 1029.0 1013.0
