2176.0 2115.0 2092.0 2444.0 2444.0 2285.0 2094.0 2284.0 2283.0 2134.0 2083.0 2459.0 2343.0 2219.0 2216.0 2342.0 2215.0 2156.0 2210.0 2240.0 2206.0 2189.0 2233.0 2226.0 2170.0 2235.0 2231.0 2228.0 2234.0 2234.0 2225.0 2232.0 2368.0 2457.0 2468.0 2460.0 2365.0 2356.0 2464.0 1967.0 2216.0 2313.0 2298.0 2213.0 2208.0 2299.0 2210.0 2202.0 2301.0 2301.0 2305.0 2214.0 2217.0 2304.0 2242.0 2216.0 2193.0 2180.0 2229.0 2259.0 2229.0 2187.0 2228.0 2254.0 2231.0 2217.0 2220.0 2219.0 2194.0 2166.0 2210.0 2176.0 2198.0 2154.0 1971.0 1955.0 1954.0 1951.0 1842.0 1806.0
2655.0 2655.0 2161.0 2275.0 2442.0 2451.0 2164.0 2271.0 2221.0 2191.0 2213.0 2418.0 2182.0 2266.0 2358.0 2299.0 2341.0 2220.0 2226.0 2314.0 2291.0 2196.0 2293.0 2336.0 2186.0 2183.0 2209.0 2215.0 2181.0 2200.0 2184.0 2181.0 2315.0 2532.0 2532.0 2313.0 2303.0 2270.0 2396.0 2156.0 2221.0 2295.0 2227.0 2221.0 2234.0 2239.0 2248.0 2253.0 2270.0 2275.0 2264.0 2223.0 2244.0 2283.0 2248.0 2216.0 2239.0 2244.0 2229.0 2232.0 2230.0 2226.0 2240.0 2283.0 2315.0 2252.0 2249.0 2255.0 2253.0 2267.0 2299.0 2197.0 2146.0 2143.0 2006.0 1997.0 1921.0 1870.0 1851.0 1737.0
2141.0 2296.0 2075.0 2173.0 2275.0 2451.0 2466.0 2271.0 2213.0 2180.0 2199.0 2140.0 2156.0 2187.0 2270.0 2297.0 2340.0 2314.0 2253.0 2310.0 2349.0 2311.0 2296.0 2336.0 2175.0 2186.0 2160.0 2244.0 2276.0 2200.0 2287.0 2303.0 2191.0 2296.0 2423.0 2171.0 2298.0 2231.0 2300.0 2229.0 2237.0 2272.0 2233.0 2223.0 2241.0 2249.0 2257.0 2259.0 2269.0 2269.0 2249.0 2228.0 2274.0 2282.0 2268.0 2223.0 2240.0 2251.0 2223.0 2227.0 2223.0 2222.0 2248.0 2274.0 2258.0 2268.0 2252.0 2254.0 2256.0 2267.0 2299.0 2206.0 2150.0 2130.0 2005.0 1998.0 1927.0 1851.0 1849.0 1741.0
2486.0 2529.0 2237.0 2173.0 2216.0 2288.0 2747.0 2456.0 2175.0 2174.0 2192.0 2106.0 2148.0 2187.0 2285.0 2294.0 2284.0 2292.0 2276.0 2308.0 2297.0 2317.0 2315.0 2270.0 2158.0 2160.0 2194.0 2255.0 2330.0 2294.0 2273.0 2326.0 2182.0 1993.0 1993.0 2145.0 2297.0 2177.0 2224.0 2244.0 2253.0 2260.0 2270.0 2269.0 2287.0 2288.0 2299.0 2254.0 2263.0 2257.0 2254.0 2265.0 2278.0 2274.0 2264.0 2264.0 2258.0 2254.0 2220.0 2212.0 2222.0 2219.0 2224.0 2212.0 2175.0 2256.0 2333.0 2310.0 2257.0 2184.0 2175.0 2213.0 2149.0 2127.0 2004.0 1996.0 1940.0 1845.0 1849.0 1775.0
2486.0 2371.0 2455.0 2381.0 2274.0 2141.0 2466.0 2456.0 2215.0 2267.0 2216.0 2106.0 2193.0 2359.0 2347.0 2225.0 2283.0 2241.0 2256.0 2278.0 2280.0 2292.0 2245.0 2231.0 2175.0 2195.0 2213.0 2263.0 2278.0 2286.0 2295.0 2315.0 2176.0 1993.0 1993.0 2152.0 2304.0 2185.0 2225.0 2281.0 2260.0 2266.0 2268.0 2274.0 2318.0 2296.0 2298.0 2265.0 2270.0 2303.0 2279.0 2265.0 2279.0 2281.0 2269.0 2243.0 2231.0 2251.0 2218.0 2184.0 2230.0 2241.0 2252.0 2269.0 2253.0 2288.0 2311.0 2242.0 2198.0 2190.0 2173.0 2129.0 2137.0 2126.0 2064.0 2024.0 1934.0 1848.0 1851.0 1783.0
2240.0 2119.0 2236.0 2279.0 2184.0 2142.0 2214.0 2254.0 2176.0 2093.0 2170.0 2286.0 2372.0 2382.0 2289.0 2225.0 2323.0 2290.0 2265.0 2260.0 2255.0 2302.0 2210.0 2225.0 2299.0 2273.0 2232.0 2253.0 2259.0 2284.0 2305.0 2263.0 2275.0 2237.0 2145.0 2145.0 2146.0 2196.0 2227.0 2264.0 2261.0 2264.0 2265.0 2271.0 2310.0 2304.0 2254.0 2241.0 2287.0 2320.0 2275.0 2218.0 2214.0 2230.0 2263.0 2245.0 2196.0 2187.0 2220.0 2205.0 2232.0 2231.0 2212.0 2217.0 2253.0 2346.0 2204.0 2113.0 2246.0 2223.0 2231.0 2240.0 2147.0 2123.0 2062.0 2040.0 1967.0 1855.0 1849.0 1779.0
2080.0 2418.0 2204.0 2074.0 2458.0 2470.0 2380.0 2288.0 2179.0 2168.0 2209.0 2289.0 2369.0 2356.0 2208.0 2380.0 2279.0 2265.0 2251.0 2255.0 2277.0 2331.0 2350.0 2216.0 2322.0 2387.0 2288.0 2227.0 2257.0 2284.0 2281.0 2269.0 2283.0 2254.0 2274.0 2281.0 2146.0 2176.0 2229.0 2243.0 2207.0 2204.0 2260.0 2278.0 2272.0 2289.0 2259.0 2270.0 2321.0 2302.0 2264.0 2268.0 2284.0 2282.0 2268.0 2254.0 2229.0 2240.0 2237.0 2190.0 2196.0 2199.0 2226.0 2222.0 2193.0 2203.0 2193.0 2217.0 2191.0 2111.0 2225.0 2232.0 2149.0 2145.0 2067.0 2040.0 1977.0 1874.0 1852.0 1778.0
2248.0 2119.0 2230.0 2387.0 2738.0 2354.0 2216.0 2229.0 2227.0 2359.0 2296.0 2196.0 2197.0 2355.0 2335.0 2428.0 2243.0 2237.0 2310.0 2299.0 2324.0 2304.0 2348.0 2232.0 2317.0 2257.0 2209.0 2219.0 2258.0 2283.0 2300.0 2326.0 2276.0 2222.0 2326.0 2334.0 2322.0 2211.0 2234.0 2253.0 2204.0 2201.0 2255.0 2293.0 2283.0 2278.0 2292.0 2280.0 2262.0 2244.0 2276.0 2286.0 2288.0 2291.0 2272.0 2206.0 2184.0 2216.0 2232.0 2204.0 2264.0 2275.0 2257.0 2220.0 2194.0 2207.0 2201.0 2199.0 2232.0 2205.0 2236.0 2155.0 2139.0 2144.0 2061.0 2025.0 1970.0 1870.0 1853.0 1783.0
2080.0 2356.0 2325.0 2259.0 2422.0 2156.0 2134.0 2215.0 2350.0 2274.0 2219.0 2196.0 2263.0 2406.0 2208.0 2279.0 2215.0 2140.0 2195.0 2254.0 2268.0 2285.0 2243.0 2231.0 2269.0 2247.0 2219.0 2229.0 2260.0 2283.0 2285.0 2324.0 2274.0 2255.0 2331.0 2323.0 2320.0 2247.0 2229.0 2236.0 2265.0 2254.0 2263.0 2285.0 2244.0 2229.0 2221.0 2255.0 2264.0 2223.0 2108.0 2150.0 2225.0 2289.0 2263.0 2248.0 2233.0 2189.0 2161.0 2184.0 2235.0 2241.0 2225.0 2221.0 2249.0 2328.0 2305.0 2210.0 2191.0 2191.0 2224.0 2143.0 2090.0 2122.0 2070.0 1989.0 1928.0 1867.0 1844.0 1797.0
2306.0 2353.0 2357.0 2266.0 2375.0 2193.0 2189.0 2286.0 2350.0 2160.0 2290.0 2321.0 2253.0 2355.0 2444.0 2413.0 2249.0 2233.0 2319.0 2344.0 2256.0 2305.0 2259.0 2290.0 2262.0 2258.0 2291.0 2290.0 2261.0 2282.0 2271.0 2272.0 2274.0 2330.0 2337.0 2352.0 2327.0 2220.0 2242.0 2259.0 2282.0 2262.0 2317.0 2284.0 2246.0 2279.0 2239.0 2218.0 2260.0 2262.0 2265.0 2255.0 2224.0 2237.0 2214.0 2197.0 2214.0 2226.0 2230.0 2247.0 2267.0 2240.0 2207.0 2230.0 2244.0 2193.0 2127.0 2115.0 2103.0 2111.0 2158.0 2161.0 2123.0 2118.0 2060.0 1961.0 1942.0 1856.0 1841.0 1765.0
2313.0 2349.0 2348.0 2311.0 2508.0 2463.0 2384.0 2290.0 2220.0 2271.0 2343.0 2412.0 2358.0 2285.0 2118.0 2270.0 2270.0 2235.0 2224.0 2300.0 2381.0 2299.0 2220.0 2256.0 2265.0 2260.0 2280.0 2294.0 2332.0 2283.0 2288.0 2269.0 2224.0 2331.0 2267.0 2347.0 2322.0 2221.0 2238.0 2259.0 2268.0 2257.0 2312.0 2296.0 2242.0 2260.0 2245.0 2207.0 2222.0 2273.0 2299.0 2286.0 2293.0 2286.0 2235.0 2239.0 2239.0 2231.0 2160.0 2171.0 2226.0 2238.0 2251.0 2239.0 2207.0 2177.0 2133.0 2189.0 2195.0 2195.0 2205.0 2157.0 2088.0 2066.0 2022.0 1974.0 1937.0 1879.0 1866.0 1787.0
2305.0 2297.0 2300.0 2216.0 2510.0 2510.0 2408.0 2413.0 2219.0 2364.0 2340.0 2307.0 2357.0 2291.0 2120.0 2162.0 2247.0 2261.0 2227.0 2228.0 2273.0 2311.0 2234.0 2229.0 2272.0 2261.0 2238.0 2273.0 2332.0 2287.0 2267.0 2234.0 2188.0 2253.0 2262.0 2348.0 2326.0 2243.0 2252.0 2262.0 2303.0 2274.0 2262.0 2263.0 2239.0 2254.0 2239.0 2226.0 2225.0 2265.0 2299.0 2289.0 2226.0 2229.0 2230.0 2214.0 2247.0 2245.0 2241.0 2253.0 2266.0 2237.0 2253.0 2235.0 2242.0 2236.0 2207.0 2236.0 2237.0 2158.0 2160.0 2154.0 2105.0 2138.0 2078.0 1972.0 1929.0 1865.0 1838.0 1770.0
2339.0 2204.0 2145.0 2098.0 2159.0 2162.0 2136.0 2184.0 2009.0 2155.0 2373.0 2415.0 2276.0 2415.0 2307.0 2270.0 2320.0 2306.0 2246.0 2240.0 2247.0 2317.0 2228.0 2223.0 2273.0 2261.0 2236.0 2246.0 2259.0 2292.0 2258.0 2245.0 2206.0 2249.0 2262.0 2254.0 2199.0 2221.0 2248.0 2247.0 2272.0 2248.0 2244.0 2274.0 2248.0 2248.0 2260.0 2259.0 2249.0 2257.0 2257.0 2244.0 2224.0 2239.0 2260.0 2237.0 2230.0 2242.0 2249.0 2249.0 2262.0 2231.0 2226.0 2255.0 2245.0 2232.0 2256.0 2258.0 2241.0 2163.0 2164.0 2159.0 2096.0 2069.0 2040.0 1974.0 1927.0 1851.0 1842.0 1767.0
2341.0 2147.0 2134.0 2209.0 2231.0 2368.0 2533.0 2533.0 2201.0 2264.0 2341.0 2312.0 2284.0 2286.0 2306.0 2271.0 2261.0 2274.0 2280.0 2263.0 2269.0 2317.0 2188.0 2216.0 2279.0 2264.0 2209.0 2171.0 2236.0 2302.0 2270.0 2227.0 2346.0 2262.0 2208.0 2221.0 2203.0 2267.0 2265.0 2221.0 2249.0 2253.0 2267.0 2272.0 2249.0 2249.0 2231.0 2212.0 2246.0 2266.0 2279.0 2286.0 2269.0 2235.0 2216.0 2237.0 2255.0 2239.0 2212.0 2230.0 2258.0 2232.0 2223.0 2253.0 2249.0 2230.0 2210.0 2222.0 2194.0 2154.0 2164.0 2161.0 2121.0 2069.0 2009.0 1977.0 1942.0 1850.0 1834.0 1755.0
2188.0 2219.0 2340.0 2197.0 2296.0 2425.0 2422.0 2305.0 2224.0 2264.0 2328.0 2250.0 2234.0 2243.0 2232.0 2273.0 2267.0 2240.0 2280.0 2308.0 2260.0 2301.0 2236.0 2257.0 2292.0 2315.0 2249.0 2171.0 2262.0 2350.0 2321.0 2233.0 2247.0 2328.0 2258.0 2237.0 2329.0 2305.0 2277.0 2263.0 2298.0 2300.0 2297.0 2272.0 2279.0 2269.0 2222.0 2252.0 2293.0 2275.0 2289.0 2285.0 2259.0 2227.0 2211.0 2235.0 2228.0 2209.0 2220.0 2252.0 2232.0 2229.0 2216.0 2200.0 2210.0 2184.0 2177.0 2191.0 2194.0 2166.0 2161.0 2168.0 2148.0 2121.0 2076.0 1978.0 1933.0 1882.0 1841.0 1764.0
2302.0 2293.0 2292.0 2102.0 2189.0 2365.0 2410.0 2177.0 2407.0 2371.0 2270.0 2310.0 2235.0 2206.0 2227.0 2291.0 2321.0 2274.0 2283.0 2316.0 2281.0 2284.0 2304.0 2266.0 2295.0 2331.0 2263.0 2197.0 2246.0 2276.0 2270.0 2303.0 2184.0 2202.0 2202.0 2264.0 2273.0 2221.0 2264.0 2270.0 2267.0 2244.0 2247.0 2280.0 2269.0 2247.0 2235.0 2256.0 2259.0 2259.0 2222.0 2196.0 2210.0 2231.0 2279.0 2296.0 2258.0 2211.0 2202.0 2241.0 2229.0 2231.0 2225.0 2192.0 2202.0 2187.0 2198.0 2196.0 2187.0 2163.0 2167.0 2169.0 2135.0 2114.0 2063.0 1986.0 1945.0 1926.0 1883.0 1776.0
2188.0 2187.0 2293.0 2201.0 2291.0 2393.0 2349.0 2272.0 2331.0 2262.0 2219.0 2358.0 2238.0 2203.0 2194.0 2268.0 2271.0 2244.0 2285.0 2248.0 2287.0 2272.0 2286.0 2248.0 2244.0 2261.0 2294.0 2315.0 2267.0 2224.0 2319.0 2300.0 2187.0 2221.0 2226.0 2260.0 2272.0 2285.0 2245.0 2229.0 2286.0 2255.0 2245.0 2267.0 2256.0 2274.0 2263.0 2262.0 2279.0 2257.0 2243.0 2267.0 2269.0 2252.0 2274.0 2241.0 2249.0 2215.0 2203.0 2204.0 2216.0 2231.0 2216.0 2191.0 2205.0 2192.0 2209.0 2212.0 2204.0 2182.0 2159.0 2138.0 2133.0 2108.0 2069.0 2015.0 1948.0 1905.0 1851.0 1759.0
2498.0 2138.0 2128.0 2266.0 2222.0 2180.0 2302.0 2280.0 2319.0 2258.0 2199.0 2250.0 2287.0 2206.0 2179.0 2194.0 2200.0 2229.0 2244.0 2196.0 2271.0 2317.0 2246.0 2230.0 2298.0 2328.0 2282.0 2258.0 2267.0 2222.0 2255.0 2228.0 2248.0 2244.0 2238.0 2266.0 2230.0 2167.0 2241.0 2268.0 2261.0 2249.0 2261.0 2262.0 2240.0 2262.0 2256.0 2247.0 2265.0 2261.0 2267.0 2282.0 2266.0 2245.0 2264.0 2233.0 2221.0 2205.0 2210.0 2242.0 2245.0 2247.0 2219.0 2197.0 2237.0 2245.0 2202.0 2196.0 2217.0 2192.0 2148.0 2124.0 2131.0 2087.0 2048.0 2017.0 1954.0 1861.0 1843.0 1763.0
2310.0 2200.0 2099.0 2172.0 2168.0 2075.0 2299.0 2311.0 2407.0 2383.0 2264.0 2158.0 2405.0 2199.0 2185.0 2207.0 2202.0 2272.0 2319.0 2197.0 2314.0 2276.0 2251.0 2261.0 2289.0 2314.0 2301.0 2261.0 2281.0 2182.0 2245.0 2192.0 2189.0 2243.0 2234.0 2265.0 2263.0 2222.0 2274.0 2278.0 2259.0 2255.0 2292.0 2285.0 2254.0 2276.0 2266.0 2252.0 2252.0 2259.0 2268.0 2245.0 2235.0 2234.0 2213.0 2230.0 2232.0 2209.0 2198.0 2242.0 2248.0 2263.0 2252.0 2252.0 2281.0 2268.0 2222.0 2213.0 2222.0 2172.0 2128.0 2129.0 2131.0 2095.0 2064.0 1993.0 1917.0 1881.0 1853.0 1776.0
2265.0 2398.0 2158.0 2149.0 2207.0 2354.0 2361.0 2341.0 2374.0 2375.0 2361.0 2348.0 2286.0 2204.0 2245.0 2305.0 2277.0 2243.0 2299.0 2397.0 2320.0 2261.0 2220.0 2239.0 2247.0 2261.0 2318.0 2257.0 2275.0 2276.0 2375.0 2245.0 2230.0 2259.0 2238.0 2259.0 2260.0 2276.0 2263.0 2248.0 2255.0 2250.0 2248.0 2291.0 2280.0 2246.0 2261.0 2271.0 2266.0 2255.0 2251.0 2231.0 2225.0 2233.0 2212.0 2235.0 2220.0 2200.0 2203.0 2246.0 2253.0 2254.0 2254.0 2258.0 2250.0 2256.0 2229.0 2222.0 2225.0 2164.0 2122.0 2126.0 2129.0 2092.0 2054.0 2002.0 1908.0 1855.0 1842.0 1764.0
2313.0 2405.0 2289.0 2231.0 2291.0 2406.0 2409.0 2283.0 2238.0 2241.0 2230.0 2259.0 2181.0 2279.0 2296.0 2288.0 2275.0 2307.0 2278.0 2395.0 2265.0 2258.0 2193.0 2202.0 2271.0 2297.0 2288.0 2318.0 2223.0 2305.0 2292.0 2232.0 2265.0 2242.0 2230.0 2262.0 2296.0 2275.0 2263.0 2278.0 2255.0 2250.0 2252.0 2249.0 2253.0 2248.0 2242.0 2253.0 2275.0 2257.0 2252.0 2249.0 2230.0 2243.0 2225.0 2232.0 2222.0 2205.0 2200.0 2244.0 2271.0 2284.0 2269.0 2238.0 2211.0 2242.0 2216.0 2194.0 2177.0 2156.0 2124.0 2131.0 2143.0 2090.0 2049.0 2007.0 1910.0 1880.0 1849.0 1761.0
2410.0 2487.0 2296.0 2268.0 2233.0 2200.0 2376.0 2347.0 2381.0 2351.0 2201.0 2368.0 2230.0 2258.0 2224.0 2214.0 2286.0 2276.0 2295.0 2387.0 2319.0 2266.0 2212.0 2248.0 2274.0 2259.0 2282.0 2247.0 2230.0 2220.0 2243.0 2216.0 2201.0 2275.0 2278.0 2293.0 2294.0 2257.0 2256.0 2270.0 2255.0 2250.0 2252.0 2248.0 2251.0 2247.0 2239.0 2247.0 2271.0 2255.0 2261.0 2252.0 2221.0 2241.0 2217.0 2216.0 2219.0 2200.0 2209.0 2246.0 2250.0 2254.0 2203.0 2196.0 2204.0 2198.0 2216.0 2225.0 2229.0 2173.0 2157.0 2170.0 2154.0 2084.0 2046.0 1991.0 1901.0 1876.0 1850.0 1765.0
2452.0 2730.0 2432.0 2315.0 2290.0 2183.0 2370.0 2437.0 2414.0 2367.0 2355.0 2239.0 2179.0 2174.0 2234.0 2300.0 2292.0 2331.0 2242.0 2252.0 2269.0 2257.0 2262.0 2270.0 2265.0 2272.0 2329.0 2319.0 2335.0 2217.0 2204.0 2212.0 2221.0 2270.0 2267.0 2261.0 2267.0 2258.0 2261.0 2247.0 2232.0 2251.0 2255.0 2245.0 2251.0 2245.0 2264.0 2247.0 2256.0 2249.0 2248.0 2242.0 2211.0 2233.0 2218.0 2217.0 2217.0 2189.0 2198.0 2214.0 2232.0 2211.0 2186.0 2202.0 2218.0 2187.0 2208.0 2214.0 2174.0 2160.0 2166.0 2170.0 2165.0 2111.0 2061.0 1995.0 1901.0 1879.0 1849.0 1765.0
2411.0 2489.0 2432.0 2520.0 2449.0 2161.0 2181.0 2224.0 2199.0 2218.0 2401.0 2242.0 2227.0 2243.0 2229.0 2224.0 2284.0 2316.0 2344.0 2270.0 2181.0 2275.0 2297.0 2271.0 2282.0 2313.0 2345.0 2316.0 2323.0 2217.0 2220.0 2194.0 2242.0 2268.0 2254.0 2261.0 2261.0 2258.0 2259.0 2234.0 2227.0 2247.0 2248.0 2239.0 2244.0 2236.0 2265.0 2276.0 2270.0 2246.0 2242.0 2238.0 2211.0 2231.0 2228.0 2236.0 2255.0 2231.0 2205.0 2209.0 2223.0 2212.0 2192.0 2199.0 2191.0 2162.0 2150.0 2150.0 2135.0 2155.0 2166.0 2137.0 2131.0 2102.0 2049.0 1996.0 1900.0 1867.0 1844.0 1766.0
2213.0 2139.0 2289.0 2231.0 2152.0 2245.0 2243.0 2165.0 2226.0 2351.0 2353.0 2241.0 2232.0 2230.0 2220.0 2215.0 2203.0 2217.0 2322.0 2276.0 2169.0 2240.0 2279.0 2269.0 2272.0 2282.0 2284.0 2316.0 2234.0 2217.0 2306.0 2260.0 2264.0 2246.0 2255.0 2272.0 2274.0 2238.0 2227.0 2230.0 2227.0 2237.0 2247.0 2264.0 2271.0 2251.0 2266.0 2281.0 2272.0 2249.0 2245.0 2242.0 2212.0 2203.0 2226.0 2242.0 2254.0 2237.0 2211.0 2222.0 2213.0 2211.0 2201.0 2165.0 2178.0 2162.0 2147.0 2156.0 2162.0 2164.0 2166.0 2165.0 2144.0 2079.0 2033.0 1985.0 1899.0 1877.0 1844.0 1765.0
2164.0 2238.0 2259.0 2275.0 2286.0 2277.0 2251.0 2274.0 2383.0 2399.0 2416.0 2247.0 2234.0 2253.0 2218.0 2205.0 2209.0 2257.0 2260.0 2260.0 2197.0 2233.0 2253.0 2264.0 2282.0 2279.0 2256.0 2271.0 2242.0 2217.0 2244.0 2263.0 2249.0 2260.0 2283.0 2292.0 2282.0 2237.0 2234.0 2243.0 2233.0 2244.0 2257.0 2271.0 2257.0 2239.0 2245.0 2248.0 2238.0 2240.0 2236.0 2234.0 2210.0 2190.0 2222.0 2214.0 2213.0 2231.0 2213.0 2238.0 2221.0 2249.0 2213.0 2164.0 2175.0 2163.0 2150.0 2156.0 2159.0 2159.0 2165.0 2146.0 2108.0 2063.0 2032.0 1991.0 1899.0 1869.0 1842.0 1774.0
2231.0 2149.0 2243.0 2218.0 2123.0 1974.0 2270.0 2274.0 2276.0 2351.0 2426.0 2392.0 2283.0 2279.0 2259.0 2216.0 2205.0 2335.0 2329.0 2217.0 2211.0 2235.0 2228.0 2268.0 2291.0 2279.0 2280.0 2248.0 2250.0 2109.0 2241.0 2275.0 2272.0 2269.0 2282.0 2289.0 2280.0 2251.0 2231.0 2234.0 2228.0 2231.0 2243.0 2240.0 2228.0 2226.0 2211.0 2219.0 2222.0 2241.0 2239.0 2226.0 2206.0 2218.0 2225.0 2210.0 2211.0 2235.0 2214.0 2210.0 2218.0 2244.0 2193.0 2197.0 2186.0 2189.0 2189.0 2155.0 2149.0 2147.0 2164.0 2124.0 2046.0 2052.0 2048.0 2001.0 1904.0 1884.0 1879.0 1833.0
2162.0 2125.0 2244.0 2221.0 2165.0 2283.0 2257.0 2196.0 2196.0 2212.0 2257.0 2233.0 2256.0 2308.0 2300.0 2216.0 2196.0 2209.0 2310.0 2262.0 2250.0 2252.0 2217.0 2248.0 2258.0 2220.0 2286.0 2243.0 2250.0 2221.0 2269.0 2317.0 2277.0 2263.0 2257.0 2275.0 2284.0 2257.0 2225.0 2227.0 2228.0 2228.0 2236.0 2231.0 2223.0 2222.0 2203.0 2211.0 2218.0 2238.0 2249.0 2237.0 2212.0 2240.0 2231.0 2206.0 2196.0 2223.0 2212.0 2206.0 2211.0 2208.0 2185.0 2194.0 2194.0 2192.0 2184.0 2155.0 2152.0 2141.0 2141.0 2133.0 2051.0 2018.0 2027.0 1997.0 1897.0 1872.0 1864.0 1806.0
2178.0 2289.0 2232.0 2204.0 2177.0 2292.0 2295.0 2191.0 2180.0 2200.0 2194.0 2185.0 2189.0 2302.0 2325.0 2250.0 2207.0 2217.0 2298.0 2292.0 2242.0 2239.0 2220.0 2254.0 2282.0 2231.0 2286.0 2297.0 2242.0 2287.0 2277.0 2315.0 2264.0 2266.0 2265.0 2283.0 2281.0 2236.0 2223.0 2235.0 2242.0 2233.0 2240.0 2243.0 2242.0 2219.0 2206.0 2206.0 2212.0 2219.0 2240.0 2236.0 2213.0 2236.0 2234.0 2204.0 2199.0 2216.0 2213.0 2214.0 2215.0 2209.0 2199.0 2185.0 2187.0 2199.0 2187.0 2158.0 2153.0 2147.0 2139.0 2143.0 2045.0 2003.0 2014.0 1994.0 1891.0 1836.0 1816.0 1777.0
2481.0 2268.0 2247.0 2243.0 2271.0 2311.0 2418.0 2278.0 2195.0 2216.0 2227.0 2350.0 2235.0 2285.0 2325.0 2277.0 2190.0 2211.0 2299.0 2202.0 2213.0 2232.0 2203.0 2224.0 2285.0 2264.0 2245.0 2295.0 2253.0 2291.0 2286.0 2275.0 2255.0 2269.0 2276.0 2279.0 2281.0 2251.0 2234.0 2240.0 2241.0 2227.0 2236.0 2245.0 2244.0 2219.0 2202.0 2195.0 2211.0 2214.0 2228.0 2220.0 2205.0 2210.0 2224.0 2206.0 2207.0 2217.0 2213.0 2211.0 2215.0 2209.0 2176.0 2153.0 2169.0 2194.0 2196.0 2159.0 2151.0 2143.0 2132.0 2143.0 2049.0 1992.0 2011.0 1997.0 1864.0 1802.0 1803.0 1785.0
2481.0 2255.0 2348.0 2311.0 2262.0 2303.0 2272.0 2278.0 2273.0 2259.0 2262.0 2349.0 2250.0 2291.0 2327.0 2283.0 2192.0 2203.0 2300.0 2202.0 2234.0 2236.0 2189.0 2190.0 2235.0 2222.0 2217.0 2249.0 2252.0 2289.0 2292.0 2251.0 2255.0 2272.0 2253.0 2268.0 2283.0 2285.0 2261.0 2246.0 2229.0 2218.0 2235.0 2243.0 2222.0 2199.0 2201.0 2214.0 2218.0 2217.0 2235.0 2232.0 2202.0 2165.0 2193.0 2204.0 2196.0 2196.0 2212.0 2203.0 2205.0 2204.0 2165.0 2155.0 2181.0 2173.0 2192.0 2202.0 2180.0 2137.0 2078.0 2089.0 2059.0 2014.0 2004.0 1995.0 1855.0 1768.0 1767.0 1781.0
2316.0 2259.0 2346.0 2283.0 2176.0 2202.0 2248.0 2277.0 2291.0 2289.0 2222.0 2217.0 2223.0 2305.0 2327.0 2272.0 2208.0 2221.0 2301.0 2299.0 2243.0 2230.0 2192.0 2195.0 2229.0 2225.0 2220.0 2230.0 2206.0 2261.0 2296.0 2250.0 2261.0 2261.0 2234.0 2256.0 2279.0 2275.0 2262.0 2274.0 2240.0 2218.0 2246.0 2257.0 2219.0 2190.0 2213.0 2238.0 2224.0 2220.0 2231.0 2236.0 2212.0 2166.0 2207.0 2203.0 2196.0 2181.0 2206.0 2197.0 2203.0 2203.0 2165.0 2173.0 2189.0 2172.0 2189.0 2205.0 2185.0 2144.0 2099.0 2084.0 2057.0 2022.0 2005.0 1987.0 1860.0 1791.0 1789.0 1777.0
2191.0 2127.0 2148.0 2233.0 2261.0 2201.0 2511.0 2344.0 2266.0 2266.0 2217.0 2303.0 2260.0 2311.0 2287.0 2203.0 2194.0 2294.0 2301.0 2303.0 2231.0 2229.0 2231.0 2215.0 2224.0 2294.0 2296.0 2248.0 2220.0 2250.0 2293.0 2255.0 2259.0 2271.0 2235.0 2250.0 2266.0 2245.0 2254.0 2277.0 2252.0 2219.0 2247.0 2256.0 2221.0 2213.0 2214.0 2217.0 2216.0 2220.0 2227.0 2215.0 2210.0 2215.0 2228.0 2201.0 2194.0 2186.0 2207.0 2211.0 2205.0 2208.0 2167.0 2159.0 2167.0 2166.0 2159.0 2157.0 2150.0 2146.0 2133.0 2120.0 2028.0 2001.0 2004.0 1872.0 1855.0 1826.0 1839.0 1797.0
1918.0 2268.0 2256.0 2272.0 2337.0 2329.0 2517.0 2349.0 2233.0 2228.0 2325.0 2322.0 2230.0 2303.0 2279.0 2208.0 2225.0 2320.0 2301.0 2286.0 2338.0 2333.0 2292.0 2278.0 2282.0 2321.0 2330.0 2296.0 2255.0 2250.0 2240.0 2246.0 2236.0 2282.0 2245.0 2254.0 2272.0 2237.0 2243.0 2275.0 2273.0 2243.0 2253.0 2252.0 2219.0 2218.0 2208.0 2192.0 2195.0 2223.0 2220.0 2198.0 2199.0 2229.0 2221.0 2195.0 2212.0 2193.0 2209.0 2217.0 2199.0 2200.0 2165.0 2162.0 2168.0 2168.0 2151.0 2142.0 2144.0 2137.0 2111.0 2098.0 2048.0 2029.0 2003.0 1869.0 1859.0 1843.0 1840.0 1804.0
2209.0 2127.0 2141.0 2278.0 2385.0 2314.0 2275.0 2191.0 2228.0 2296.0 2308.0 2398.0 2225.0 2255.0 2255.0 2228.0 2205.0 2206.0 2231.0 2227.0 2460.0 2399.0 2264.0 2277.0 2286.0 2294.0 2306.0 2252.0 2238.0 2283.0 2271.0 2249.0 2218.0 2229.0 2227.0 2250.0 2272.0 2266.0 2244.0 2263.0 2279.0 2261.0 2259.0 2255.0 2216.0 2211.0 2210.0 2214.0 2223.0 2219.0 2204.0 2208.0 2221.0 2219.0 2221.0 2195.0 2219.0 2186.0 2195.0 2209.0 2148.0 2141.0 2155.0 2163.0 2172.0 2169.0 2155.0 2142.0 2148.0 2135.0 2122.0 2142.0 2144.0 2072.0 2007.0 1978.0 1895.0 1858.0 1836.0 1775.0
2338.0 2141.0 2295.0 2435.0 2421.0 2331.0 2319.0 2405.0 2337.0 2206.0 2217.0 2399.0 2234.0 2297.0 2238.0 2212.0 2274.0 2301.0 2198.0 2149.0 2348.0 2333.0 2338.0 2277.0 2223.0 2228.0 2198.0 2222.0 2203.0 2295.0 2300.0 2248.0 2250.0 2234.0 2246.0 2248.0 2237.0 2238.0 2243.0 2210.0 2209.0 2227.0 2239.0 2255.0 2243.0 2225.0 2214.0 2225.0 2238.0 2215.0 2206.0 2223.0 2231.0 2214.0 2224.0 2190.0 2195.0 2178.0 2176.0 2203.0 2141.0 2128.0 2165.0 2154.0 2162.0 2169.0 2151.0 2148.0 2150.0 2147.0 2141.0 2148.0 2132.0 2063.0 2013.0 1995.0 1898.0 1850.0 1826.0 1765.0
2206.0 2174.0 2300.0 2243.0 2193.0 2161.0 2136.0 2192.0 2318.0 2329.0 2214.0 2189.0 2298.0 2309.0 2257.0 2258.0 2296.0 2321.0 2323.0 2243.0 2326.0 2330.0 2236.0 2219.0 2218.0 2212.0 2205.0 2211.0 2220.0 2319.0 2306.0 2215.0 2223.0 2227.0 2246.0 2247.0 2231.0 2198.0 2190.0 2210.0 2205.0 2241.0 2257.0 2233.0 2247.0 2231.0 2205.0 2192.0 2210.0 2222.0 2217.0 2214.0 2230.0 2229.0 2217.0 2186.0 2182.0 2186.0 2165.0 2169.0 2146.0 2125.0 2128.0 2132.0 2156.0 2149.0 2143.0 2142.0 2143.0 2137.0 2132.0 2117.0 2036.0 2028.0 2012.0 1998.0 1900.0 1842.0 1827.0 1762.0
2453.0 2574.0 2575.0 2441.0 2336.0 2312.0 2035.0 2231.0 2329.0 2334.0 2372.0 2189.0 2387.0 2085.0 2090.0 2228.0 2243.0 2298.0 2253.0 2286.0 2315.0 2245.0 2224.0 2277.0 2254.0 2208.0 2244.0 2232.0 2229.0 2260.0 2231.0 2207.0 2208.0 2227.0 2214.0 2206.0 2248.0 2219.0 2220.0 2208.0 2194.0 2235.0 2257.0 2201.0 2185.0 2213.0 2200.0 2186.0 2188.0 2217.0 2216.0 2192.0 2186.0 2221.0 2219.0 2185.0 2171.0 2193.0 2152.0 2152.0 2142.0 2106.0 2102.0 2084.0 2057.0 2036.0 2030.0 2034.0 2033.0 2024.0 2017.0 2014.0 2031.0 2028.0 2008.0 1976.0 1899.0 1839.0 1823.0 1762.0
2337.0 2408.0 2296.0 2409.0 2387.0 2204.0 2281.0 2340.0 2392.0 2293.0 2133.0 2189.0 2165.0 2303.0 2304.0 2232.0 2192.0 2153.0 2231.0 2237.0 2227.0 2209.0 2225.0 2238.0 2208.0 2204.0 2233.0 2218.0 2230.0 2280.0 2175.0 2176.0 2206.0 2236.0 2211.0 2157.0 2212.0 2204.0 2193.0 2167.0 2175.0 2203.0 2224.0 2218.0 2186.0 2212.0 2208.0 2226.0 2198.0 2204.0 2214.0 2194.0 2181.0 2211.0 2207.0 2182.0 2176.0 2170.0 2137.0 2172.0 2147.0 2116.0 2123.0 2027.0 1952.0 1856.0 1870.0 1860.0 1859.0 1862.0 1852.0 1839.0 1837.0 1833.0 1834.0 1823.0 1792.0 1797.0 1798.0 1745.0
2302.0 2292.0 2301.0 2440.0 2424.0 2270.0 2397.0 2327.0 2400.0 2368.0 2219.0 2274.0 2127.0 2085.0 2226.0 2308.0 2274.0 2248.0 2244.0 2240.0 2343.0 2475.0 2333.0 2263.0 2237.0 2217.0 2267.0 2265.0 2224.0 2268.0 2195.0 2224.0 2276.0 2227.0 2170.0 2185.0 2209.0 2211.0 2191.0 2208.0 2211.0 2211.0 2223.0 2203.0 2185.0 2198.0 2197.0 2233.0 2198.0 2199.0 2218.0 2208.0 2179.0 2211.0 2196.0 2179.0 2172.0 2185.0 2156.0 2158.0 2129.0 2104.0 2089.0 2021.0 1954.0 1823.0 1785.0 1681.0 1648.0 1675.0 1671.0 1670.0 1671.0 1664.0 1666.0 1654.0 1636.0 1629.0 1625.0 1616.0
2337.0 2416.0 2300.0 2302.0 2250.0 2165.0 2402.0 2246.0 2214.0 2277.0 2390.0 2398.0 2248.0 2180.0 2315.0 2298.0 2177.0 2284.0 2181.0 2230.0 2163.0 2263.0 2222.0 2204.0 2212.0 2211.0 2209.0 2193.0 2228.0 2210.0 2217.0 2218.0 2280.0 2277.0 2169.0 2197.0 2207.0 2203.0 2201.0 2209.0 2211.0 2203.0 2203.0 2196.0 2184.0 2205.0 2192.0 2168.0 2174.0 2203.0 2218.0 2188.0 2179.0 2216.0 2218.0 2209.0 2172.0 2192.0 2177.0 2173.0 2146.0 2089.0 2076.0 2033.0 1951.0 1843.0 1777.0 1658.0 1608.0 1532.0 1500.0 1535.0 1532.0 1518.0 1521.0 1518.0 1507.0 1502.0 1496.0 1512.0
2318.0 2418.0 2265.0 2290.0 2261.0 2207.0 2236.0 2306.0 2213.0 2204.0 2381.0 2455.0 2386.0 2282.0 2373.0 2486.0 2384.0 2284.0 2232.0 2237.0 2279.0 2219.0 2211.0 2179.0 2211.0 2333.0 2289.0 2229.0 2229.0 2203.0 2230.0 2258.0 2305.0 2279.0 2203.0 2215.0 2240.0 2225.0 2197.0 2192.0 2207.0 2218.0 2186.0 2144.0 2199.0 2246.0 2192.0 2168.0 2179.0 2161.0 2151.0 2180.0 2181.0 2153.0 2186.0 2177.0 2183.0 2195.0 2135.0 2178.0 2188.0 2163.0 2118.0 2046.0 1949.0 1862.0 1780.0 1667.0 1622.0 1534.0 1481.0 1458.0 1392.0 1344.0 1323.0 1371.0 1369.0 1376.0 1388.0 1399.0
2178.0 2291.0 2337.0 2402.0 2400.0 2276.0 2075.0 2254.0 2245.0 2204.0 2224.0 2400.0 2390.0 2366.0 2319.0 2309.0 2383.0 2294.0 2143.0 2169.0 2164.0 2220.0 2227.0 2189.0 2206.0 2187.0 2138.0 2210.0 2208.0 2270.0 2209.0 2196.0 2246.0 2227.0 2278.0 2215.0 2267.0 2235.0 2203.0 2204.0 2184.0 2200.0 2208.0 2185.0 2184.0 2219.0 2221.0 2220.0 2175.0 2102.0 2107.0 2153.0 2176.0 2165.0 2177.0 2168.0 2174.0 2160.0 2124.0 2170.0 2179.0 2164.0 2118.0 2023.0 1946.0 1858.0 1762.0 1647.0 1609.0 1537.0 1473.0 1453.0 1391.0 1329.0 1286.0 1257.0 1203.0 1213.0 1255.0 1295.0
2310.0 2291.0 2254.0 2294.0 2296.0 2276.0 2300.0 2231.0 2241.0 2204.0 2179.0 2273.0 2230.0 2365.0 2314.0 2159.0 2159.0 2267.0 2170.0 2320.0 2193.0 2209.0 2288.0 2261.0 2198.0 2188.0 2231.0 2270.0 2234.0 2201.0 2202.0 2169.0 2270.0 2153.0 2178.0 2165.0 2196.0 2215.0 2169.0 2154.0 2192.0 2202.0 2196.0 2188.0 2184.0 2203.0 2198.0 2176.0 2148.0 2166.0 2163.0 2161.0 2159.0 2152.0 2138.0 2128.0 2172.0 2110.0 2111.0 2120.0 2106.0 2073.0 2069.0 2010.0 1948.0 1868.0 1743.0 1649.0 1622.0 1538.0 1466.0 1448.0 1391.0 1330.0 1292.0 1258.0 1174.0 1137.0 1134.0 1093.0
2023.0 1664.0 2005.0 2381.0 2392.0 2340.0 2532.0 2253.0 2269.0 2268.0 2275.0 2357.0 2157.0 2281.0 2301.0 2155.0 2147.0 2280.0 2297.0 2233.0 2278.0 2241.0 2203.0 2197.0 2146.0 2167.0 2226.0 2198.0 2202.0 2164.0 2248.0 2273.0 2213.0 2160.0 2273.0 2250.0 2153.0 2204.0 2195.0 2190.0 2208.0 2196.0 2152.0 2145.0 2148.0 2139.0 2157.0 2195.0 2148.0 2115.0 2153.0 2157.0 2115.0 2096.0 2144.0 2128.0 2117.0 2105.0 2117.0 2108.0 2116.0 2069.0 2061.0 1986.0 1921.0 1862.0 1745.0 1664.0 1620.0 1538.0 1474.0 1432.0 1379.0 1328.0 1292.0 1255.0 1176.0 1144.0 1134.0 1083.0
2049.0 2057.0 2195.0 2144.0 2181.0 2302.0 2373.0 2103.0 2291.0 2355.0 2387.0 2452.0 2190.0 2282.0 2179.0 2153.0 2225.0 2301.0 2298.0 2168.0 2190.0 2209.0 2204.0 2176.0 2147.0 2149.0 2140.0 2229.0 2256.0 2192.0 2199.0 2200.0 2205.0 2168.0 2197.0 2232.0 2162.0 2157.0 2170.0 2150.0 2182.0 2210.0 2188.0 2178.0 2173.0 2168.0 2169.0 2132.0 2141.0 2179.0 2117.0 2113.0 2127.0 2144.0 2143.0 2165.0 2114.0 2100.0 2119.0 2111.0 2105.0 2073.0 2064.0 2003.0 1926.0 1870.0 1740.0 1652.0 1621.0 1534.0 1469.0 1443.0 1381.0 1326.0 1295.0 1250.0 1177.0 1154.0 1135.0 1080.0
2040.0 2201.0 2394.0 2368.0 2335.0 2240.0 2075.0 2103.0 2256.0 2271.0 2222.0 2175.0 2225.0 2284.0 2179.0 2210.0 2226.0 2184.0 2178.0 2315.0 2129.0 2226.0 2249.0 2167.0 2152.0 2166.0 2156.0 2243.0 2241.0 2192.0 2201.0 2361.0 2199.0 2162.0 2205.0 2200.0 2173.0 2197.0 2169.0 2199.0 2224.0 2234.0 2242.0 2184.0 2182.0 2168.0 2149.0 2171.0 2163.0 2179.0 2214.0 2188.0 2174.0 2145.0 2152.0 2159.0 2128.0 2144.0 2115.0 2105.0 2108.0 2091.0 2067.0 1983.0 1903.0 1850.0 1734.0 1660.0 1624.0 1542.0 1477.0 1435.0 1381.0 1327.0 1291.0 1246.0 1167.0 1136.0 1133.0 1085.0
2061.0 2201.0 2345.0 2299.0 2187.0 2234.0 2305.0 2331.0 2538.0 2358.0 2195.0 2152.0 2225.0 2164.0 2309.0 2281.0 2172.0 2100.0 2113.0 2293.0 2127.0 2340.0 2353.0 2174.0 2142.0 2177.0 2229.0 2219.0 2170.0 2189.0 2209.0 2216.0 2115.0 2191.0 2087.0 2190.0 2155.0 2200.0 2177.0 2201.0 2194.0 2196.0 2152.0 2118.0 2134.0 2177.0 2152.0 2139.0 2144.0 2135.0 2158.0 2183.0 2133.0 2092.0 2069.0 2116.0 2132.0 2099.0 2095.0 2013.0 2000.0 2080.0 2066.0 1984.0 1925.0 1870.0 1726.0 1659.0 1621.0 1541.0 1491.0 1440.0 1370.0 1330.0 1296.0 1250.0 1189.0 1143.0 1131.0 1083.0
2148.0 2201.0 2329.0 2472.0 2180.0 2306.0 2532.0 2464.0 2270.0 2280.0 2271.0 2238.0 2212.0 2283.0 2308.0 2204.0 2129.0 2124.0 2109.0 2125.0 2126.0 2303.0 2353.0 2197.0 2142.0 2166.0 2248.0 2256.0 2181.0 2180.0 2191.0 2232.0 2291.0 2190.0 2087.0 2170.0 2158.0 2152.0 2178.0 2189.0 2170.0 2160.0 2160.0 2157.0 2127.0 2152.0 2183.0 2189.0 2180.0 2179.0 2216.0 2192.0 2126.0 2092.0 2148.0 2161.0 2107.0 2125.0 2116.0 2082.0 2013.0 2077.0 2099.0 2005.0 1901.0 1827.0 1730.0 1680.0 1608.0 1525.0 1479.0 1433.0 1370.0 1332.0 1292.0 1223.0 1171.0 1141.0 1133.0 1079.0
2144.0 2272.0 2358.0 2390.0 2396.0 2400.0 2367.0 2178.0 2151.0 2265.0 2254.0 2243.0 2309.0 2406.0 2318.0 2160.0 2076.0 2089.0 2109.0 2131.0 2175.0 2183.0 2216.0 2170.0 2139.0 2166.0 2221.0 2223.0 2180.0 2184.0 2195.0 2346.0 2331.0 2170.0 2198.0 2206.0 2248.0 2252.0 2191.0 2156.0 2154.0 2157.0 2157.0 2192.0 2188.0 2167.0 2184.0 2160.0 2071.0 2069.0 2116.0 2097.0 2079.0 2138.0 2135.0 2107.0 2111.0 2105.0 2107.0 2015.0 2002.0 2082.0 2097.0 2074.0 1895.0 1819.0 1729.0 1665.0 1606.0 1522.0 1475.0 1430.0 1369.0 1331.0 1295.0 1230.0 1173.0 1147.0 1127.0 1079.0
2181.0 2341.0 2432.0 2478.0 2401.0 2380.0 2309.0 2227.0 2273.0 2288.0 2152.0 2131.0 2224.0 2160.0 2124.0 2282.0 2232.0 2172.0 2155.0 2147.0 2259.0 2165.0 2161.0 2143.0 2145.0 2219.0 2229.0 2196.0 2184.0 2197.0 2208.0 2199.0 2309.0 2176.0 2291.0 2199.0 2257.0 2199.0 2178.0 2203.0 2184.0 2176.0 2232.0 2173.0 2135.0 2216.0 2186.0 2096.0 2082.0 2099.0 2142.0 2110.0 2077.0 2127.0 2084.0 2073.0 2087.0 2143.0 2152.0 2091.0 2108.0 2106.0 2098.0 2088.0 1945.0 1841.0 1733.0 1693.0 1623.0 1550.0 1500.0 1433.0 1368.0 1335.0 1296.0 1233.0 1169.0 1145.0 1126.0 1082.0
2292.0 2322.0 2476.0 2527.0 2191.0 2289.0 2265.0 2191.0 2388.0 2278.0 2265.0 2240.0 2113.0 2074.0 2188.0 2142.0 2078.0 2136.0 2151.0 2140.0 2164.0 2005.0 1999.0 2189.0 2165.0 2266.0 2270.0 2258.0 2202.0 2175.0 2177.0 2206.0 2181.0 2194.0 2298.0 2318.0 2191.0 2200.0 2182.0 2165.0 2169.0 2152.0 2151.0 2176.0 2133.0 2160.0 2166.0 2130.0 2147.0 2162.0 2115.0 2205.0 2402.0 2249.0 2136.0 2137.0 2087.0 2068.0 2090.0 2139.0 2174.0 2081.0 2103.0 2093.0 1944.0 1865.0 1763.0 1693.0 1585.0 1515.0 1471.0 1418.0 1364.0 1336.0 1280.0 1223.0 1177.0 1140.0 1123.0 1078.0
2313.0 2164.0 2162.0 2252.0 2279.0 2263.0 2262.0 2372.0 2273.0 2278.0 2423.0 2406.0 2303.0 2087.0 2188.0 2197.0 2082.0 2164.0 2259.0 2210.0 2171.0 2283.0 2235.0 2159.0 2138.0 2192.0 2245.0 2252.0 2189.0 2152.0 2172.0 2330.0 2167.0 2179.0 2268.0 2318.0 2183.0 2260.0 2188.0 2173.0 2163.0 2155.0 2173.0 2191.0 2143.0 2189.0 2190.0 2129.0 2081.0 2078.0 2178.0 2208.0 2134.0 2122.0 2083.0 2111.0 2136.0 2116.0 2125.0 2080.0 2080.0 2076.0 1937.0 1981.0 2091.0 2122.0 1868.0 1656.0 1567.0 1514.0 1468.0 1402.0 1366.0 1340.0 1292.0 1223.0 1175.0 1137.0 1120.0 1077.0
2147.0 2292.0 2453.0 2502.0 2393.0 2140.0 2492.0 2496.0 2154.0 2289.0 2303.0 2406.0 2362.0 2279.0 2120.0 2142.0 2278.0 2307.0 2153.0 2144.0 2422.0 2357.0 1999.0 2172.0 2142.0 2214.0 2215.0 2166.0 2156.0 2165.0 2198.0 2266.0 2174.0 2152.0 2130.0 2184.0 2229.0 2201.0 2196.0 2210.0 2199.0 2166.0 2208.0 2207.0 2163.0 2153.0 2139.0 2095.0 2080.0 2086.0 2126.0 2114.0 2083.0 2088.0 2084.0 2130.0 2130.0 2080.0 2138.0 2155.0 2174.0 2150.0 2146.0 2144.0 2076.0 2050.0 2000.0 1731.0 1557.0 1514.0 1478.0 1416.0 1361.0 1327.0 1278.0 1224.0 1175.0 1135.0 1124.0 1079.0
2150.0 2806.0 2431.0 2213.0 2278.0 2382.0 2492.0 2378.0 2173.0 2189.0 2301.0 2255.0 2200.0 2140.0 2142.0 2203.0 2250.0 2248.0 2281.0 2293.0 2252.0 2163.0 2190.0 2228.0 2123.0 2198.0 2226.0 2199.0 2179.0 2150.0 2187.0 2211.0 2176.0 2141.0 2137.0 2109.0 2188.0 2200.0 2224.0 2202.0 2182.0 2194.0 2219.0 2204.0 2168.0 2145.0 2151.0 2104.0 2084.0 2144.0 2164.0 2111.0 2095.0 2102.0 2137.0 2173.0 2088.0 2061.0 2090.0 2093.0 2065.0 2079.0 2058.0 2050.0 2072.0 2049.0 1960.0 1930.0 1783.0 1526.0 1465.0 1408.0 1364.0 1320.0 1253.0 1221.0 1175.0 1130.0 1119.0 1076.0
2141.0 2454.0 2098.0 1973.0 2020.0 2424.0 2759.0 2444.0 2047.0 2044.0 2424.0 2237.0 2093.0 2087.0 2188.0 2203.0 2281.0 2305.0 2261.0 2206.0 2137.0 2005.0 2194.0 2116.0 2024.0 2262.0 2256.0 2317.0 2287.0 2263.0 2231.0 2156.0 2172.0 2149.0 2287.0 2178.0 2188.0 2298.0 2271.0 2195.0 2153.0 2199.0 2214.0 2211.0 2168.0 2139.0 2092.0 2095.0 2114.0 2205.0 2181.0 2095.0 2073.0 2099.0 2129.0 2125.0 2125.0 2116.0 2086.0 2089.0 2102.0 2075.0 2044.0 2073.0 2052.0 1976.0 2027.0 1970.0 1939.0 1764.0 1468.0 1392.0 1359.0 1298.0 1248.0 1218.0 1176.0 1125.0 1114.0 1074.0
1939.0 2095.0 1979.0 1973.0 2238.0 2841.0 2259.0 1892.0 1840.0 2068.0 2077.0 2236.0 2290.0 2254.0 2144.0 2201.0 2275.0 2215.0 2247.0 2251.0 2266.0 2270.0 2232.0 2128.0 2138.0 2049.0 2268.0 2319.0 2286.0 2268.0 2274.0 2226.0 2161.0 2221.0 2201.0 2186.0 2254.0 2302.0 2242.0 2208.0 2150.0 2188.0 2215.0 2201.0 2177.0 2206.0 2180.0 2098.0 2171.0 2207.0 2169.0 2093.0 2093.0 2115.0 2090.0 2103.0 2074.0 2070.0 2086.0 2093.0 2074.0 2055.0 2070.0 2135.0 2099.0 2049.0 2026.0 1935.0 1940.0 2010.0 1687.0 1406.0 1359.0 1300.0 1259.0 1219.0 1178.0 1124.0 1111.0 1079.0
1939.0 2304.0 2126.0 2123.0 2377.0 2532.0 1980.0 1947.0 2009.0 2039.0 2084.0 2074.0 2205.0 2188.0 2195.0 2384.0 2273.0 2209.0 2145.0 2103.0 2153.0 2328.0 2169.0 2343.0 2135.0 2187.0 2186.0 2204.0 2275.0 2256.0 2208.0 2206.0 2157.0 2146.0 2097.0 2110.0 2205.0 2204.0 2121.0 2184.0 2152.0 2151.0 2219.0 2194.0 2204.0 2215.0 2173.0 2063.0 2153.0 2128.0 2061.0 2027.0 2093.0 2183.0 2135.0 2125.0 2118.0 2106.0 2087.0 2019.0 2054.0 2071.0 2070.0 2054.0 2023.0 1973.0 2028.0 2034.0 2035.0 2050.0 1875.0 1624.0 1365.0 1301.0 1260.0 1217.0 1177.0 1124.0 1110.0 1073.0
2672.0 2672.0 2163.0 2211.0 2233.0 2194.0 1927.0 1961.0 2047.0 2054.0 1899.0 2189.0 2066.0 2151.0 2446.0 2701.0 2384.0 2233.0 2145.0 2103.0 2249.0 2351.0 2221.0 2232.0 2106.0 2195.0 2142.0 1969.0 1993.0 2141.0 2136.0 2186.0 2204.0 2199.0 2202.0 2270.0 2203.0 2020.0 2121.0 2172.0 2161.0 2128.0 2215.0 2203.0 2173.0 2046.0 2068.0 2051.0 2169.0 2109.0 2009.0 2020.0 2091.0 2104.0 2129.0 2173.0 2117.0 2097.0 2086.0 2017.0 1988.0 2047.0 2054.0 2053.0 1981.0 1942.0 1951.0 1994.0 2157.0 2039.0 1877.0 1785.0 1543.0 1312.0 1252.0 1215.0 1176.0 1120.0 1111.0 1069.0
2484.0 2258.0 1892.0 2121.0 2124.0 2113.0 1920.0 1964.0 2091.0 2098.0 2086.0 2189.0 2207.0 2371.0 2446.0 2384.0 2266.0 2083.0 2351.0 2298.0 2270.0 2256.0 2160.0 2117.0 2017.0 2049.0 2169.0 2174.0 2245.0 2138.0 2137.0 2209.0 2164.0 2234.0 2285.0 2270.0 2221.0 2020.0 2272.0 2170.0 2148.0 2146.0 2106.0 2202.0 2173.0 2046.0 2087.0 2127.0 2179.0 2081.0 2000.0 2007.0 2078.0 2103.0 2117.0 2122.0 2068.0 2058.0 2103.0 2107.0 1999.0 2005.0 2033.0 2129.0 2116.0 1975.0 2014.0 1937.0 2026.0 2009.0 1931.0 1785.0 1795.0 1541.0 1263.0 1213.0 1180.0 1118.0 1109.0 1063.0
