1784.0 1969.0 1970.0 1848.0 1786.0 1848.0 2045.0 2084.0 2082.0 2055.0 2065.0 1998.0 2055.0 2056.0 1966.0 1905.0 1963.0 2121.0 2122.0 1993.0 1992.0 1994.0 1994.0 2110.0 2236.0 2155.0 2174.0 2125.0 2081.0 2145.0 2244.0 2237.0 2188.0 2213.0 2166.0 2089.0 2116.0 2325.0 2090.0 2052.0 2132.0 2189.0 2223.0 2214.0 2181.0 2088.0 2110.0 2088.0 2107.0 2176.0 2156.0 2140.0 2145.0 2144.0 2147.0 2143.0 2143.0 2141.0 2122.0 2111.0 2121.0 2138.0 2132.0 2118.0 2116.0 2094.0 2049.0 2083.0 2090.0 2081.0 2043.0 2047.0 2047.0 2043.0 1926.0 1926.0 1768.0 1768.0 1828.0 1711.0
1567.0 1746.0 1942.0 1732.0 1572.0 1572.0 1918.0 1974.0 1976.0 1984.0 2020.0 2263.0 2160.0 1944.0 1941.0 2015.0 1929.0 2072.0 2030.0 2034.0 2022.0 1957.0 1942.0 2034.0 2072.0 2206.0 2201.0 2186.0 2086.0 2085.0 2190.0 2185.0 2081.0 2136.0 2113.0 2114.0 2180.0 2104.0 2164.0 2163.0 2202.0 2145.0 2163.0 2171.0 2165.0 2134.0 2182.0 2162.0 2155.0 2175.0 2177.0 2163.0 2162.0 2163.0 2148.0 2158.0 2158.0 2106.0 2102.0 2121.0 2150.0 2151.0 2122.0 2101.0 2121.0 2115.0 2004.0 2050.0 2046.0 2038.0 2044.0 2048.0 2055.0 2051.0 1951.0 1906.0 1894.0 1779.0 1801.0 1722.0
1568.0 1771.0 1952.0 1663.0 1554.0 1572.0 1684.0 1974.0 1982.0 1882.0 2023.0 2060.0 2004.0 1940.0 1939.0 2095.0 1931.0 1977.0 1981.0 2044.0 2052.0 1957.0 2047.0 2034.0 2044.0 2100.0 2201.0 2149.0 2159.0 2162.0 2190.0 2185.0 2077.0 2125.0 2080.0 2100.0 2180.0 2079.0 2162.0 2162.0 2194.0 2116.0 2145.0 2157.0 2168.0 2144.0 2177.0 2166.0 2157.0 2172.0 2174.0 2167.0 2167.0 2183.0 2169.0 2166.0 2167.0 2106.0 2102.0 2084.0 2112.0 2142.0 2117.0 2098.0 2116.0 2110.0 2004.0 1992.0 1987.0 2040.0 2131.0 2137.0 2056.0 2050.0 1957.0 1934.0 1905.0 1813.0 1801.0 1709.0
1591.0 1774.0 1953.0 1673.0 1554.0 1831.0 1567.0 1567.0 1772.0 1968.0 2177.0 1962.0 1988.0 1961.0 1936.0 2073.0 1929.0 1966.0 2011.0 2054.0 2082.0 2099.0 1989.0 1963.0 2155.0 2291.0 2129.0 2080.0 2157.0 2160.0 2060.0 2066.0 2098.0 2109.0 2080.0 2115.0 2081.0 2097.0 2113.0 2177.0 2152.0 2111.0 2144.0 2160.0 2172.0 2164.0 2173.0 2169.0 2137.0 2165.0 2160.0 2169.0 2176.0 2179.0 2168.0 2174.0 2179.0 2171.0 2116.0 2079.0 2109.0 2140.0 2116.0 2085.0 2096.0 2114.0 2109.0 2051.0 1993.0 2063.0 2126.0 2123.0 2059.0 2053.0 1966.0 1957.0 1898.0 1807.0 1798.0 1708.0
1716.0 1777.0 1775.0 1698.0 1741.0 1958.0 1851.0 1852.0 1984.0 2070.0 2024.0 2060.0 2020.0 1998.0 2024.0 2046.0 1924.0 2033.0 2087.0 2053.0 2023.0 2138.0 2049.0 1924.0 2027.0 2109.0 2112.0 2140.0 2150.0 2083.0 2027.0 2055.0 2034.0 2027.0 2003.0 2115.0 2085.0 2134.0 2108.0 2198.0 2158.0 2118.0 2170.0 2175.0 2165.0 2160.0 2169.0 2165.0 2125.0 2169.0 2173.0 2172.0 2169.0 2120.0 2164.0 2177.0 2171.0 2156.0 2109.0 2069.0 2097.0 2142.0 2109.0 2091.0 2094.0 2087.0 2121.0 2098.0 2072.0 2124.0 2110.0 2047.0 2059.0 2067.0 1982.0 1940.0 1866.0 1787.0 1792.0 1702.0
1793.0 1806.0 1661.0 1663.0 1741.0 1727.0 1815.0 1853.0 1881.0 1882.0 2052.0 2063.0 2033.0 2006.0 2097.0 2062.0 1983.0 2081.0 2005.0 1915.0 1974.0 2139.0 2116.0 2158.0 2155.0 2120.0 2123.0 2076.0 2102.0 2100.0 2033.0 2054.0 2033.0 2047.0 2052.0 2138.0 2111.0 2127.0 2109.0 2198.0 2151.0 2127.0 2175.0 2162.0 2114.0 2103.0 2089.0 2103.0 2123.0 2157.0 2149.0 2149.0 2175.0 2134.0 2161.0 2174.0 2128.0 2153.0 2125.0 2133.0 2121.0 2091.0 2102.0 2086.0 2090.0 2168.0 2147.0 2075.0 2007.0 2050.0 2100.0 2105.0 2110.0 2065.0 1982.0 1883.0 1851.0 1791.0 1778.0 1717.0
1793.0 1831.0 1661.0 1670.0 1979.0 1895.0 1854.0 1862.0 1877.0 1767.0 2045.0 2060.0 2027.0 2059.0 2097.0 1964.0 2102.0 2098.0 2048.0 2040.0 2083.0 2139.0 1987.0 1979.0 1983.0 2033.0 2128.0 2132.0 2105.0 2105.0 2124.0 2062.0 2101.0 2097.0 2108.0 2114.0 2112.0 2117.0 2114.0 2186.0 2136.0 2125.0 2176.0 2176.0 2117.0 2097.0 2085.0 2103.0 2126.0 2163.0 2192.0 2167.0 2160.0 2178.0 2167.0 2135.0 2086.0 2119.0 2128.0 2133.0 2194.0 2205.0 2103.0 2142.0 2142.0 2104.0 2119.0 2068.0 2084.0 2134.0 2136.0 2100.0 2063.0 2063.0 1993.0 1902.0 1857.0 1797.0 1766.0 1762.0
1801.0 1967.0 2164.0 2164.0 1971.0 1819.0 1858.0 1912.0 1897.0 1767.0 1970.0 2057.0 2032.0 2060.0 2025.0 1914.0 1929.0 2035.0 2046.0 2037.0 2141.0 2012.0 2103.0 1980.0 2009.0 2115.0 2104.0 2073.0 2084.0 2084.0 2124.0 2102.0 2102.0 2104.0 2112.0 2092.0 2107.0 2134.0 2128.0 2133.0 2132.0 2124.0 2176.0 2179.0 2151.0 2128.0 2150.0 2143.0 2128.0 2173.0 2191.0 2138.0 2078.0 2101.0 2159.0 2190.0 2196.0 2150.0 2098.0 2111.0 2146.0 2205.0 2138.0 2087.0 2077.0 2094.0 2114.0 2068.0 2086.0 2039.0 2011.0 2046.0 2065.0 2029.0 1939.0 1889.0 1855.0 1788.0 1763.0 1731.0
1698.0 1836.0 1869.0 1931.0 2061.0 1931.0 1860.0 1911.0 2001.0 1884.0 1933.0 2036.0 2018.0 1870.0 1862.0 2018.0 1953.0 1977.0 2073.0 2045.0 2006.0 2013.0 2112.0 1982.0 2017.0 2035.0 2062.0 2072.0 2087.0 2087.0 2030.0 2101.0 2037.0 2098.0 2089.0 2106.0 2099.0 2126.0 2110.0 2120.0 2153.0 2146.0 2171.0 2168.0 2158.0 2170.0 2162.0 2136.0 2123.0 2169.0 2191.0 2120.0 2060.0 2074.0 2064.0 2067.0 2093.0 2086.0 2123.0 2135.0 2097.0 2088.0 2099.0 2090.0 2086.0 2087.0 2096.0 2085.0 2094.0 2109.0 2088.0 2095.0 2086.0 2055.0 1939.0 1899.0 1875.0 1831.0 1791.0 1709.0
1693.0 1836.0 1871.0 1882.0 2061.0 2075.0 1945.0 1891.0 2047.0 1898.0 1863.0 1852.0 1878.0 1958.0 1865.0 1938.0 1959.0 1971.0 1986.0 2035.0 1996.0 1950.0 2134.0 1988.0 2053.0 2034.0 2052.0 2087.0 2090.0 2089.0 2058.0 2069.0 2039.0 2076.0 2078.0 2113.0 2108.0 2105.0 2111.0 2121.0 2134.0 2123.0 2123.0 2137.0 2176.0 2182.0 2157.0 2131.0 2125.0 2129.0 2111.0 2134.0 2105.0 2079.0 2091.0 2128.0 2110.0 2074.0 2096.0 2089.0 2094.0 2089.0 2143.0 2153.0 2127.0 2163.0 2110.0 2084.0 2089.0 2036.0 2015.0 2092.0 2106.0 2056.0 1999.0 1907.0 1838.0 1831.0 1810.0 1749.0
1753.0 1837.0 1866.0 1931.0 1972.0 1951.0 1945.0 1916.0 2006.0 1917.0 1877.0 1895.0 1909.0 1963.0 1908.0 1919.0 1959.0 2022.0 2040.0 1979.0 1974.0 1929.0 1992.0 1993.0 2061.0 2057.0 2044.0 2082.0 2103.0 2073.0 2090.0 2055.0 2048.0 2101.0 2111.0 2106.0 2107.0 2046.0 2113.0 2120.0 2093.0 2089.0 2120.0 2121.0 2166.0 2181.0 2139.0 2122.0 2122.0 2137.0 2111.0 2093.0 2121.0 2084.0 2089.0 2124.0 2077.0 2064.0 2123.0 2107.0 2072.0 2079.0 2099.0 2091.0 2097.0 2093.0 2090.0 2066.0 2002.0 2025.0 2042.0 2086.0 2079.0 2012.0 1939.0 1904.0 1842.0 1792.0 1790.0 1749.0
1811.0 1844.0 1759.0 1913.0 1843.0 1769.0 1775.0 1891.0 1798.0 1915.0 1862.0 1830.0 2007.0 1975.0 2026.0 2012.0 2025.0 2046.0 2064.0 2011.0 1998.0 1915.0 1929.0 2035.0 2073.0 2075.0 2046.0 2067.0 2100.0 2016.0 2025.0 2058.0 2055.0 2102.0 2119.0 2123.0 2089.0 2105.0 2135.0 2127.0 2112.0 2114.0 2119.0 2138.0 2176.0 2173.0 2136.0 2141.0 2162.0 2151.0 2121.0 2143.0 2110.0 2077.0 2068.0 2073.0 2085.0 2067.0 2077.0 2107.0 2147.0 2086.0 2082.0 2083.0 2074.0 2098.0 2100.0 2061.0 2002.0 2034.0 2077.0 2072.0 2081.0 2054.0 1945.0 1917.0 1874.0 1779.0 1771.0 1721.0
1834.0 1849.0 1752.0 1856.0 1783.0 1750.0 1688.0 1540.0 1556.0 1850.0 1875.0 1834.0 1993.0 1766.0 2019.0 1996.0 2014.0 2029.0 1976.0 1978.0 2001.0 1918.0 1997.0 2034.0 2070.0 2077.0 2060.0 2040.0 2055.0 1997.0 2034.0 2078.0 2043.0 2040.0 2098.0 2140.0 2059.0 2103.0 2135.0 2124.0 2104.0 2113.0 2132.0 2170.0 2172.0 2178.0 2134.0 2121.0 2135.0 2133.0 2124.0 2135.0 2133.0 2117.0 2100.0 2112.0 2075.0 2065.0 2103.0 2134.0 2078.0 2070.0 2102.0 2090.0 2072.0 2084.0 2099.0 2055.0 2002.0 2038.0 2075.0 2036.0 2026.0 2053.0 2010.0 1925.0 1846.0 1784.0 1774.0 1718.0
1817.0 1847.0 1804.0 1881.0 1870.0 1885.0 1800.0 1719.0 1799.0 1866.0 1872.0 1841.0 1877.0 1766.0 1894.0 1935.0 1963.0 2008.0 1974.0 1974.0 2021.0 2006.0 2065.0 2033.0 2061.0 2070.0 2041.0 2032.0 2063.0 2075.0 2086.0 2046.0 2041.0 2062.0 2112.0 2136.0 2090.0 2085.0 2076.0 2122.0 2125.0 2093.0 2089.0 2126.0 2155.0 2115.0 2131.0 2154.0 2139.0 2123.0 2124.0 2090.0 2081.0 2085.0 2101.0 2102.0 2075.0 2060.0 2048.0 2077.0 2085.0 2082.0 2093.0 2086.0 2069.0 2055.0 2081.0 2074.0 2068.0 2032.0 2032.0 2063.0 2074.0 2049.0 2005.0 1922.0 1852.0 1803.0 1783.0 1712.0
1695.0 1706.0 1682.0 1928.0 1848.0 1781.0 1781.0 1540.0 1844.0 1860.0 1841.0 1836.0 1912.0 1912.0 1870.0 1914.0 1960.0 2003.0 2008.0 1983.0 2049.0 2045.0 2071.0 2046.0 2076.0 2073.0 2065.0 2108.0 2084.0 2072.0 2092.0 2046.0 2087.0 2100.0 2072.0 2095.0 2059.0 2047.0 2095.0 2126.0 2153.0 2138.0 2115.0 2116.0 2111.0 2123.0 2132.0 2119.0 2123.0 2119.0 2103.0 2107.0 2118.0 2116.0 2104.0 2082.0 2069.0 2069.0 2121.0 2127.0 2066.0 2078.0 2125.0 2111.0 2098.0 2076.0 2078.0 2073.0 2069.0 2052.0 2045.0 2077.0 2075.0 2049.0 2020.0 1924.0 1864.0 1842.0 1810.0 1725.0
1709.0 1723.0 1809.0 1711.0 1724.0 1776.0 1906.0 1719.0 1887.0 1907.0 1881.0 1974.0 2000.0 1966.0 1936.0 1936.0 1964.0 1999.0 2008.0 2015.0 2048.0 2010.0 2067.0 2028.0 2024.0 2075.0 2095.0 2115.0 2061.0 1985.0 2041.0 2048.0 2036.0 2052.0 2063.0 2097.0 2137.0 2114.0 2125.0 2123.0 2123.0 2124.0 2148.0 2181.0 2162.0 2151.0 2126.0 2088.0 2096.0 2117.0 2117.0 2075.0 2077.0 2075.0 2069.0 2078.0 2064.0 2058.0 2071.0 2060.0 2054.0 2076.0 2104.0 2129.0 2121.0 2076.0 2080.0 2106.0 2066.0 2039.0 2030.0 2031.0 2022.0 2013.0 1990.0 1911.0 1857.0 1826.0 1815.0 1737.0
1731.0 1853.0 1844.0 1861.0 1781.0 1779.0 1802.0 1858.0 1985.0 2027.0 2019.0 1978.0 1993.0 1979.0 1973.0 1984.0 1970.0 1984.0 1998.0 2089.0 2080.0 1997.0 2004.0 2019.0 2026.0 2071.0 2071.0 2038.0 1946.0 1986.0 2091.0 2045.0 2061.0 2111.0 2067.0 2107.0 2103.0 2061.0 2111.0 2131.0 2142.0 2123.0 2107.0 2120.0 2154.0 2137.0 2144.0 2154.0 2108.0 2104.0 2105.0 2098.0 2081.0 2078.0 2101.0 2098.0 2083.0 2077.0 2081.0 2057.0 2055.0 2080.0 2082.0 2059.0 2072.0 2076.0 2079.0 2079.0 2071.0 2035.0 2021.0 2023.0 2019.0 2022.0 1986.0 1898.0 1854.0 1842.0 1811.0 1728.0
1517.0 1609.0 1700.0 1735.0 1763.0 1765.0 1762.0 1855.0 1876.0 1913.0 2019.0 1999.0 1898.0 1976.0 1971.0 1992.0 2014.0 1978.0 1929.0 2083.0 1965.0 1948.0 1940.0 1951.0 2024.0 2060.0 2039.0 2020.0 2076.0 2009.0 1987.0 2081.0 2084.0 2095.0 2086.0 2095.0 2103.0 2052.0 2074.0 2124.0 2123.0 2121.0 2108.0 2107.0 2149.0 2136.0 2113.0 2119.0 2103.0 2110.0 2115.0 2104.0 2081.0 2092.0 2110.0 2098.0 2079.0 2085.0 2121.0 2093.0 2069.0 2079.0 2076.0 2044.0 2067.0 2058.0 2031.0 2068.0 2070.0 2040.0 2021.0 2029.0 2056.0 2026.0 1958.0 1899.0 1856.0 1826.0 1812.0 1726.0
1691.0 1609.0 1696.0 1733.0 1761.0 1785.0 1900.0 1855.0 1821.0 1812.0 1939.0 2030.0 1832.0 1947.0 1978.0 1997.0 2028.0 2051.0 1998.0 1938.0 1926.0 1962.0 1956.0 1921.0 1940.0 2046.0 2055.0 1968.0 2085.0 2095.0 2074.0 2047.0 2071.0 2058.0 2090.0 2119.0 2084.0 2099.0 2111.0 2118.0 2111.0 2094.0 2100.0 2107.0 2114.0 2127.0 2115.0 2092.0 2097.0 2112.0 2106.0 2064.0 2070.0 2099.0 2111.0 2087.0 2066.0 2070.0 2130.0 2147.0 2127.0 2082.0 2079.0 2082.0 2071.0 2075.0 2076.0 2073.0 2053.0 2027.0 2015.0 2019.0 2045.0 2025.0 1985.0 1898.0 1855.0 1830.0 1804.0 1721.0
1802.0 1741.0 1727.0 1808.0 1765.0 1741.0 1925.0 1867.0 1881.0 1907.0 1930.0 1895.0 1974.0 1888.0 1960.0 1982.0 1958.0 2050.0 2000.0 2015.0 1920.0 1962.0 1999.0 2015.0 2027.0 2016.0 2015.0 2123.0 2082.0 2115.0 2084.0 2041.0 2074.0 2120.0 2090.0 2109.0 2127.0 2092.0 2110.0 2120.0 2123.0 2122.0 2106.0 2084.0 2061.0 2113.0 2122.0 2110.0 2100.0 2109.0 2119.0 2117.0 2098.0 2097.0 2109.0 2096.0 2093.0 2076.0 2080.0 2096.0 2117.0 2080.0 2075.0 2085.0 2068.0 2075.0 2081.0 2096.0 2048.0 2028.0 2017.0 2020.0 2052.0 2027.0 1987.0 1907.0 1860.0 1818.0 1791.0 1728.0
1797.0 1864.0 1818.0 1812.0 1759.0 1664.0 1813.0 1857.0 1871.0 1805.0 1817.0 1979.0 1987.0 1978.0 1965.0 1934.0 1947.0 2011.0 2047.0 2010.0 1970.0 1987.0 1956.0 2013.0 2041.0 1974.0 1960.0 2044.0 2073.0 2056.0 2075.0 2028.0 2072.0 2017.0 2090.0 2117.0 2123.0 2101.0 2101.0 2113.0 2110.0 2099.0 2101.0 2097.0 2085.0 2121.0 2137.0 2124.0 2113.0 2107.0 2098.0 2104.0 2092.0 2097.0 2114.0 2106.0 2114.0 2093.0 2073.0 2061.0 2064.0 2064.0 2069.0 2090.0 2075.0 2055.0 2020.0 2029.0 2029.0 2039.0 2018.0 2018.0 2046.0 2018.0 1962.0 1899.0 1854.0 1786.0 1782.0 1716.0
1766.0 1860.0 1870.0 1780.0 1710.0 1741.0 1890.0 1686.0 1643.0 1787.0 1854.0 1878.0 1898.0 1872.0 1898.0 2002.0 2022.0 1957.0 1860.0 1939.0 1985.0 1987.0 1946.0 1996.0 2042.0 2012.0 1966.0 2013.0 2065.0 2063.0 2081.0 2085.0 2005.0 2033.0 2088.0 2093.0 2070.0 2078.0 2091.0 2093.0 2107.0 2096.0 2094.0 2096.0 2108.0 2119.0 2100.0 2116.0 2111.0 2104.0 2090.0 2075.0 2092.0 2092.0 2064.0 2105.0 2106.0 2083.0 2046.0 2026.0 2074.0 2083.0 2059.0 2088.0 2061.0 2011.0 2019.0 2004.0 2034.0 2048.0 2020.0 2013.0 2029.0 2009.0 1945.0 1860.0 1850.0 1795.0 1777.0 1712.0
1797.0 1885.0 1897.0 1799.0 1625.0 1589.0 1817.0 1591.0 1606.0 1790.0 1880.0 2032.0 1827.0 1889.0 1898.0 1906.0 1911.0 1854.0 1911.0 1931.0 1920.0 1931.0 1938.0 1909.0 1936.0 1977.0 1952.0 1969.0 2013.0 1976.0 2000.0 2087.0 1988.0 2041.0 2047.0 2078.0 2067.0 2069.0 2098.0 2111.0 2112.0 2108.0 2096.0 2091.0 2113.0 2119.0 2090.0 2101.0 2103.0 2104.0 2098.0 2095.0 2102.0 2090.0 2053.0 2108.0 2096.0 2060.0 2047.0 2023.0 2028.0 2050.0 2056.0 2050.0 2007.0 2010.0 2016.0 2002.0 1972.0 2023.0 2026.0 2016.0 1968.0 1988.0 1958.0 1871.0 1853.0 1810.0 1779.0 1710.0
1797.0 1746.0 1845.0 1802.0 1713.0 1705.0 1601.0 1559.0 1573.0 1689.0 1703.0 1684.0 1803.0 1886.0 1896.0 1917.0 1942.0 1907.0 1841.0 1881.0 1918.0 1918.0 1843.0 1849.0 1936.0 1997.0 1987.0 2020.0 2035.0 1974.0 1967.0 2042.0 1996.0 2035.0 2090.0 2093.0 2064.0 2038.0 2095.0 2111.0 2102.0 2109.0 2113.0 2090.0 2107.0 2119.0 2093.0 2102.0 2107.0 2100.0 2100.0 2101.0 2099.0 2095.0 2054.0 2069.0 2052.0 2048.0 2030.0 2023.0 2022.0 2026.0 2035.0 2013.0 2003.0 2007.0 2017.0 2004.0 1967.0 1964.0 2020.0 2004.0 1967.0 1968.0 1956.0 1910.0 1859.0 1796.0 1772.0 1703.0
1396.0 1555.0 1622.0 1616.0 1612.0 1714.0 1818.0 1821.0 1764.0 1753.0 1702.0 1869.0 1784.0 1744.0 1779.0 1768.0 1668.0 1800.0 1673.0 1659.0 1717.0 1840.0 1846.0 1859.0 1928.0 1992.0 1935.0 1862.0 1950.0 1972.0 1972.0 2072.0 2038.0 2029.0 2065.0 2067.0 2062.0 2047.0 2039.0 2066.0 2101.0 2107.0 2102.0 2097.0 2105.0 2106.0 2111.0 2109.0 2096.0 2093.0 2092.0 2095.0 2099.0 2089.0 2056.0 2062.0 2051.0 2049.0 2039.0 2039.0 2048.0 2064.0 2051.0 2017.0 2001.0 1999.0 2010.0 2005.0 2004.0 1937.0 1946.0 1979.0 1910.0 1914.0 1935.0 1910.0 1857.0 1787.0 1770.0 1704.0
1251.0 1805.0 1828.0 1764.0 1614.0 1599.0 1601.0 1583.0 1604.0 1554.0 1332.0 1399.0 1404.0 1328.0 1332.0 1325.0 1230.0 1243.0 1233.0 1319.0 1429.0 1527.0 1797.0 1895.0 1914.0 1938.0 1929.0 1863.0 1915.0 1974.0 1977.0 2077.0 2024.0 2023.0 2032.0 2057.0 2060.0 2042.0 2021.0 2031.0 2097.0 2109.0 2111.0 2122.0 2105.0 2115.0 2130.0 2121.0 2098.0 2087.0 2083.0 2076.0 2102.0 2175.0 2224.0 2138.0 2051.0 2046.0 2045.0 2046.0 2045.0 2031.0 1958.0 1478.0 1043.0 1478.0 1900.0 1974.0 1970.0 1923.0 1939.0 1970.0 1914.0 1928.0 1931.0 1882.0 1856.0 1798.0 1768.0 1702.0
1662.0 1740.0 1622.0 1616.0 1636.0 1600.0 1330.0 1305.0 1247.0 1080.0 870.0 867.0 973.0 977.0 997.0 1009.0 976.0 973.0 968.0 1016.0 1152.0 1301.0 1460.0 1601.0 1727.0 1762.0 1813.0 1863.0 1739.0 1717.0 1673.0 1694.0 1677.0 1836.0 1969.0 1915.0 1908.0 1928.0 2025.0 2038.0 2053.0 2109.0 2122.0 2127.0 2104.0 2116.0 2133.0 2128.0 2107.0 2091.0 2078.0 2068.0 2104.0 2210.0 2224.0 2145.0 2049.0 2045.0 2039.0 2045.0 2026.0 1999.0 1493.0 660.0 377.0 848.0 1493.0 1834.0 1930.0 1931.0 1935.0 1935.0 1905.0 1919.0 1903.0 1858.0 1858.0 1768.0 1753.0 1703.0
1662.0 1524.0 1478.0 1451.0 1429.0 1362.0 1075.0 906.0 846.0 813.0 815.0 821.0 817.0 816.0 818.0 820.0 820.0 820.0 822.0 837.0 951.0 1068.0 1129.0 1166.0 1243.0 1337.0 1365.0 1369.0 1363.0 1265.0 1232.0 1272.0 1273.0 1396.0 1633.0 1697.0 1700.0 1756.0 2012.0 2063.0 2063.0 2047.0 2038.0 2078.0 2103.0 2072.0 2095.0 2100.0 2110.0 2097.0 2077.0 2069.0 2109.0 2190.0 2056.0 1906.0 1769.0 1940.0 2004.0 1986.0 1762.0 1243.0 751.0 470.0 491.0 506.0 889.0 1185.0 1371.0 1371.0 1420.0 1666.0 1666.0 1821.0 1841.0 1843.0 1749.0 1664.0 1661.0 1684.0
1628.0 1524.0 1452.0 1313.0 1136.0 944.0 772.0 766.0 764.0 772.0 811.0 814.0 808.0 785.0 776.0 772.0 772.0 775.0 768.0 783.0 807.0 864.0 895.0 964.0 986.0 1032.0 1089.0 1106.0 1122.0 1115.0 1046.0 1101.0 1114.0 1131.0 1291.0 1450.0 1573.0 1692.0 1862.0 2033.0 2059.0 2037.0 2016.0 2034.0 2104.0 2055.0 2018.0 2034.0 2088.0 2082.0 2082.0 2079.0 1968.0 1819.0 1637.0 1456.0 1451.0 1553.0 1682.0 1554.0 915.0 506.0 459.0 523.0 538.0 494.0 468.0 493.0 663.0 664.0 802.0 1045.0 1298.0 1702.0 1841.0 1841.0 1711.0 1663.0 1655.0 1608.0
1444.0 1378.0 1447.0 1202.0 901.0 729.0 731.0 747.0 748.0 729.0 721.0 717.0 720.0 730.0 743.0 752.0 753.0 754.0 735.0 753.0 781.0 844.0 854.0 876.0 906.0 926.0 952.0 998.0 1004.0 1025.0 1046.0 998.0 1004.0 1037.0 1086.0 1252.0 1385.0 1519.0 1714.0 2015.0 2048.0 2042.0 2035.0 2029.0 2092.0 2048.0 2011.0 2031.0 2073.0 2077.0 1983.0 1633.0 1409.0 1198.0 1142.0 1137.0 1137.0 1140.0 1170.0 948.0 436.0 475.0 485.0 513.0 496.0 495.0 461.0 445.0 447.0 446.0 459.0 597.0 754.0 1333.0 1718.0 1721.0 1729.0 1669.0 1655.0 1608.0
1351.0 1357.0 1301.0 1016.0 725.0 717.0 726.0 687.0 684.0 694.0 696.0 697.0 698.0 697.0 693.0 689.0 692.0 704.0 708.0 719.0 731.0 736.0 746.0 759.0 784.0 807.0 813.0 823.0 839.0 837.0 840.0 847.0 859.0 878.0 920.0 1094.0 1191.0 1305.0 1516.0 1822.0 1965.0 1983.0 2018.0 1997.0 2018.0 2051.0 2023.0 2033.0 1925.0 1676.0 1393.0 987.0 928.0 889.0 926.0 925.0 923.0 924.0 814.0 589.0 504.0 527.0 491.0 477.0 485.0 496.0 472.0 453.0 447.0 440.0 447.0 488.0 495.0 999.0 1506.0 1717.0 1692.0 1647.0 1651.0 1596.0
1349.0 1369.0 1004.0 765.0 711.0 707.0 671.0 677.0 682.0 686.0 677.0 673.0 663.0 661.0 661.0 662.0 667.0 668.0 671.0 675.0 682.0 694.0 706.0 717.0 734.0 755.0 766.0 774.0 818.0 791.0 801.0 806.0 821.0 830.0 867.0 919.0 1017.0 1155.0 1354.0 1708.0 1966.0 1978.0 2016.0 2000.0 2018.0 2038.0 1875.0 1540.0 1307.0 1037.0 834.0 834.0 832.0 830.0 843.0 820.0 769.0 805.0 769.0 589.0 601.0 536.0 491.0 486.0 510.0 501.0 458.0 440.0 442.0 442.0 450.0 488.0 501.0 829.0 1423.0 1759.0 1692.0 1650.0 1657.0 1583.0
1330.0 1162.0 846.0 679.0 677.0 660.0 662.0 676.0 676.0 659.0 653.0 646.0 635.0 640.0 644.0 651.0 660.0 661.0 668.0 672.0 679.0 683.0 687.0 696.0 703.0 705.0 715.0 732.0 743.0 748.0 744.0 764.0 770.0 803.0 836.0 860.0 981.0 1127.0 1236.0 1603.0 1966.0 2009.0 2009.0 2021.0 2018.0 2021.0 1616.0 841.0 803.0 798.0 805.0 811.0 800.0 768.0 734.0 721.0 741.0 791.0 769.0 617.0 601.0 524.0 498.0 531.0 535.0 506.0 465.0 451.0 450.0 445.0 438.0 433.0 469.0 671.0 1200.0 1685.0 1690.0 1669.0 1659.0 1542.0
1003.0 1162.0 846.0 678.0 652.0 645.0 653.0 660.0 644.0 620.0 615.0 610.0 624.0 630.0 635.0 642.0 650.0 653.0 664.0 662.0 666.0 669.0 673.0 675.0 680.0 688.0 693.0 700.0 701.0 720.0 726.0 737.0 757.0 781.0 798.0 830.0 948.0 1110.0 1216.0 1421.0 1752.0 1917.0 1951.0 2000.0 1923.0 1702.0 1278.0 818.0 813.0 798.0 803.0 794.0 768.0 738.0 727.0 717.0 744.0 790.0 757.0 644.0 603.0 532.0 546.0 557.0 532.0 514.0 498.0 462.0 449.0 442.0 440.0 430.0 437.0 509.0 930.0 1447.0 1690.0 1684.0 1650.0 1531.0
1003.0 981.0 724.0 632.0 607.0 579.0 562.0 560.0 553.0 560.0 574.0 585.0 602.0 587.0 571.0 569.0 573.0 588.0 595.0 609.0 636.0 661.0 671.0 668.0 668.0 672.0 677.0 683.0 687.0 690.0 708.0 715.0 740.0 763.0 775.0 810.0 882.0 992.0 1173.0 1274.0 1603.0 1910.0 1948.0 1908.0 1542.0 1084.0 804.0 817.0 800.0 788.0 789.0 758.0 755.0 739.0 728.0 715.0 739.0 773.0 722.0 671.0 631.0 593.0 575.0 562.0 523.0 515.0 500.0 469.0 461.0 443.0 437.0 429.0 429.0 458.0 727.0 1273.0 1691.0 1691.0 1655.0 1586.0
1279.0 996.0 701.0 533.0 516.0 519.0 519.0 518.0 511.0 516.0 507.0 521.0 534.0 542.0 552.0 558.0 569.0 595.0 617.0 621.0 628.0 636.0 641.0 647.0 653.0 659.0 661.0 656.0 666.0 668.0 676.0 687.0 697.0 708.0 737.0 764.0 777.0 822.0 1054.0 1221.0 1599.0 1912.0 1886.0 1569.0 1113.0 768.0 786.0 744.0 738.0 766.0 746.0 748.0 741.0 741.0 726.0 712.0 703.0 707.0 714.0 706.0 705.0 618.0 574.0 554.0 527.0 520.0 505.0 505.0 498.0 467.0 445.0 430.0 424.0 456.0 592.0 986.0 1517.0 1689.0 1669.0 1648.0
1004.0 930.0 721.0 644.0 615.0 579.0 540.0 545.0 542.0 529.0 521.0 518.0 503.0 502.0 500.0 515.0 533.0 558.0 551.0 564.0 595.0 627.0 641.0 645.0 641.0 643.0 650.0 653.0 656.0 664.0 666.0 678.0 686.0 700.0 728.0 759.0 775.0 801.0 969.0 1208.0 1573.0 1878.0 1575.0 1169.0 949.0 750.0 735.0 733.0 732.0 734.0 729.0 739.0 741.0 737.0 722.0 708.0 681.0 637.0 629.0 705.0 703.0 606.0 555.0 545.0 522.0 508.0 501.0 510.0 497.0 472.0 449.0 438.0 429.0 421.0 429.0 655.0 1254.0 1677.0 1690.0 1649.0
714.0 706.0 698.0 618.0 551.0 522.0 513.0 507.0 503.0 518.0 528.0 533.0 529.0 526.0 510.0 488.0 515.0 553.0 567.0 565.0 563.0 561.0 574.0 603.0 623.0 631.0 636.0 644.0 645.0 644.0 642.0 650.0 656.0 672.0 700.0 706.0 714.0 756.0 811.0 1034.0 1387.0 1635.0 1387.0 1034.0 806.0 750.0 738.0 737.0 733.0 727.0 722.0 724.0 733.0 716.0 710.0 703.0 673.0 599.0 579.0 643.0 608.0 566.0 553.0 556.0 516.0 472.0 477.0 501.0 498.0 477.0 461.0 438.0 416.0 368.0 374.0 459.0 963.0 1548.0 1692.0 1653.0
525.0 521.0 513.0 513.0 513.0 520.0 529.0 532.0 544.0 536.0 506.0 458.0 433.0 459.0 466.0 478.0 505.0 528.0 540.0 549.0 566.0 561.0 566.0 586.0 604.0 604.0 594.0 598.0 610.0 624.0 627.0 636.0 648.0 664.0 687.0 700.0 711.0 735.0 764.0 873.0 1168.0 1168.0 994.0 879.0 791.0 756.0 744.0 739.0 733.0 726.0 719.0 714.0 706.0 697.0 697.0 696.0 677.0 632.0 585.0 621.0 611.0 581.0 576.0 560.0 504.0 460.0 458.0 453.0 470.0 478.0 480.0 445.0 415.0 372.0 376.0 400.0 777.0 1362.0 1666.0 1649.0
401.0 385.0 393.0 402.0 480.0 518.0 532.0 534.0 536.0 527.0 509.0 479.0 491.0 506.0 521.0 528.0 525.0 536.0 548.0 548.0 546.0 559.0 562.0 570.0 580.0 579.0 572.0 572.0 575.0 584.0 599.0 622.0 638.0 650.0 663.0 688.0 704.0 723.0 745.0 860.0 934.0 996.0 976.0 880.0 800.0 760.0 748.0 741.0 734.0 727.0 718.0 709.0 699.0 693.0 691.0 687.0 684.0 656.0 625.0 619.0 608.0 589.0 565.0 491.0 446.0 436.0 432.0 432.0 473.0 479.0 466.0 447.0 436.0 422.0 381.0 400.0 616.0 1121.0 1494.0 1544.0
398.0 388.0 404.0 395.0 382.0 384.0 394.0 404.0 423.0 455.0 513.0 524.0 521.0 521.0 520.0 525.0 523.0 535.0 549.0 547.0 556.0 551.0 553.0 558.0 556.0 559.0 563.0 573.0 580.0 598.0 601.0 608.0 613.0 614.0 634.0 665.0 695.0 716.0 750.0 769.0 895.0 989.0 975.0 880.0 799.0 759.0 759.0 742.0 733.0 729.0 721.0 714.0 705.0 701.0 696.0 685.0 674.0 653.0 637.0 621.0 602.0 531.0 467.0 421.0 443.0 467.0 460.0 449.0 477.0 482.0 497.0 520.0 519.0 513.0 505.0 496.0 522.0 874.0 1315.0 1413.0
412.0 408.0 409.0 379.0 360.0 359.0 356.0 380.0 401.0 422.0 463.0 471.0 506.0 510.0 518.0 528.0 536.0 533.0 543.0 545.0 546.0 558.0 550.0 541.0 538.0 538.0 544.0 552.0 557.0 559.0 564.0 595.0 598.0 597.0 614.0 626.0 647.0 660.0 680.0 733.0 871.0 990.0 999.0 882.0 802.0 769.0 764.0 744.0 737.0 728.0 721.0 715.0 710.0 706.0 701.0 686.0 668.0 650.0 644.0 630.0 604.0 497.0 445.0 421.0 443.0 464.0 461.0 443.0 460.0 478.0 489.0 520.0 537.0 536.0 532.0 520.0 522.0 819.0 1156.0 1233.0
393.0 368.0 346.0 346.0 356.0 364.0 382.0 378.0 390.0 386.0 400.0 426.0 458.0 486.0 514.0 530.0 557.0 551.0 546.0 544.0 533.0 533.0 537.0 529.0 535.0 550.0 565.0 572.0 577.0 566.0 561.0 576.0 574.0 583.0 610.0 619.0 630.0 646.0 678.0 721.0 833.0 1168.0 1168.0 930.0 801.0 784.0 770.0 754.0 750.0 730.0 723.0 716.0 713.0 708.0 703.0 691.0 674.0 655.0 640.0 627.0 604.0 498.0 477.0 489.0 492.0 555.0 551.0 525.0 499.0 478.0 495.0 539.0 543.0 528.0 537.0 532.0 522.0 778.0 1092.0 1233.0
327.0 332.0 339.0 332.0 345.0 357.0 349.0 352.0 358.0 382.0 415.0 466.0 490.0 493.0 510.0 526.0 555.0 563.0 559.0 541.0 515.0 497.0 494.0 493.0 512.0 507.0 546.0 573.0 579.0 575.0 562.0 564.0 557.0 577.0 572.0 578.0 600.0 635.0 676.0 725.0 850.0 1286.0 1517.0 1132.0 803.0 786.0 787.0 793.0 768.0 731.0 725.0 721.0 717.0 715.0 714.0 713.0 695.0 669.0 642.0 622.0 606.0 552.0 572.0 596.0 584.0 571.0 565.0 532.0 504.0 526.0 528.0 524.0 527.0 511.0 510.0 510.0 522.0 749.0 990.0 1055.0
328.0 339.0 347.0 334.0 333.0 319.0 320.0 344.0 357.0 389.0 434.0 475.0 508.0 492.0 502.0 524.0 558.0 578.0 567.0 537.0 519.0 509.0 495.0 513.0 534.0 546.0 552.0 550.0 528.0 529.0 469.0 521.0 537.0 521.0 580.0 585.0 604.0 647.0 753.0 778.0 907.0 1465.0 1764.0 1367.0 927.0 796.0 800.0 802.0 782.0 737.0 729.0 726.0 724.0 727.0 733.0 730.0 730.0 729.0 658.0 630.0 603.0 526.0 546.0 597.0 594.0 569.0 555.0 571.0 571.0 545.0 550.0 551.0 524.0 508.0 498.0 500.0 523.0 778.0 1014.0 1039.0
373.0 354.0 344.0 350.0 344.0 346.0 346.0 367.0 379.0 387.0 406.0 426.0 443.0 475.0 491.0 516.0 557.0 576.0 574.0 582.0 603.0 562.0 561.0 560.0 535.0 510.0 539.0 564.0 582.0 673.0 626.0 590.0 586.0 576.0 488.0 552.0 615.0 717.0 786.0 825.0 1123.0 1598.0 1833.0 1584.0 1197.0 888.0 804.0 798.0 808.0 836.0 826.0 821.0 777.0 758.0 750.0 748.0 746.0 740.0 718.0 664.0 614.0 583.0 563.0 589.0 588.0 565.0 555.0 565.0 570.0 585.0 564.0 525.0 521.0 526.0 517.0 515.0 536.0 790.0 997.0 1041.0
334.0 341.0 347.0 352.0 343.0 354.0 364.0 360.0 370.0 380.0 392.0 396.0 408.0 458.0 458.0 489.0 545.0 562.0 572.0 568.0 503.0 693.0 1090.0 1119.0 1087.0 1009.0 1010.0 1083.0 1085.0 1082.0 900.0 581.0 591.0 478.0 577.0 588.0 644.0 886.0 908.0 922.0 1123.0 1598.0 1838.0 1823.0 1506.0 1079.0 919.0 931.0 999.0 1028.0 982.0 936.0 912.0 900.0 889.0 883.0 865.0 851.0 848.0 841.0 795.0 601.0 493.0 500.0 509.0 534.0 570.0 574.0 562.0 544.0 550.0 550.0 554.0 579.0 582.0 630.0 779.0 995.0 1069.0 1039.0
329.0 335.0 333.0 327.0 339.0 354.0 361.0 356.0 358.0 393.0 423.0 430.0 433.0 431.0 406.0 476.0 526.0 545.0 539.0 477.0 495.0 947.0 1490.0 1593.0 1602.0 1570.0 1531.0 1512.0 1558.0 1623.0 1474.0 1246.0 1120.0 1345.0 901.0 633.0 827.0 886.0 904.0 921.0 1458.0 1813.0 1831.0 1849.0 1755.0 1417.0 1216.0 1307.0 1387.0 1376.0 1216.0 1107.0 1108.0 1106.0 1101.0 1103.0 1103.0 1095.0 1090.0 1089.0 1049.0 779.0 572.0 499.0 516.0 574.0 566.0 536.0 562.0 571.0 563.0 559.0 542.0 580.0 619.0 777.0 882.0 995.0 1071.0 1039.0
335.0 334.0 326.0 324.0 341.0 359.0 381.0 394.0 397.0 408.0 416.0 388.0 368.0 362.0 398.0 465.0 498.0 448.0 440.0 483.0 604.0 1000.0 1506.0 1657.0 1637.0 1634.0 1653.0 1704.0 1726.0 1727.0 1724.0 1604.0 1540.0 1623.0 1546.0 1334.0 921.0 886.0 904.0 1294.0 1742.0 1823.0 1773.0 1782.0 1750.0 1785.0 1726.0 1754.0 1815.0 1760.0 1673.0 1654.0 1520.0 1487.0 1478.0 1483.0 1494.0 1468.0 1413.0 1464.0 1380.0 1015.0 724.0 602.0 589.0 579.0 573.0 541.0 544.0 539.0 552.0 561.0 568.0 599.0 825.0 980.0 1102.0 1099.0 1069.0 1038.0
337.0 328.0 322.0 326.0 342.0 350.0 355.0 361.0 357.0 345.0 327.0 318.0 322.0 334.0 400.0 405.0 420.0 423.0 429.0 475.0 494.0 947.0 1520.0 1653.0 1622.0 1579.0 1649.0 1706.0 1706.0 1702.0 1722.0 1800.0 1665.0 1664.0 1823.0 1510.0 1045.0 1035.0 962.0 1534.0 1848.0 1824.0 1801.0 1875.0 1912.0 1910.0 1834.0 1754.0 1818.0 1832.0 1805.0 1775.0 1765.0 1775.0 1747.0 1746.0 1748.0 1617.0 1684.0 1707.0 1609.0 1406.0 1024.0 822.0 822.0 802.0 675.0 624.0 608.0 597.0 678.0 844.0 885.0 887.0 926.0 1124.0 1129.0 1103.0 1079.0 1038.0
332.0 326.0 324.0 328.0 340.0 350.0 352.0 342.0 344.0 346.0 361.0 362.0 336.0 397.0 399.0 413.0 411.0 418.0 401.0 395.0 491.0 1270.0 1548.0 1592.0 1629.0 1653.0 1669.0 1695.0 1694.0 1685.0 1708.0 1797.0 1798.0 1749.0 1729.0 1362.0 1124.0 1093.0 1115.0 1534.0 1844.0 1822.0 1840.0 1857.0 1813.0 1829.0 1885.0 1849.0 1808.0 1785.0 1787.0 1776.0 1760.0 1746.0 1762.0 1771.0 1799.0 1809.0 1758.0 1655.0 1603.0 1587.0 1446.0 1121.0 1030.0 1024.0 1030.0 1097.0 1035.0 1030.0 1040.0 1131.0 1229.0 1131.0 1144.0 1145.0 1138.0 1102.0 1081.0 1033.0
338.0 339.0 334.0 331.0 340.0 358.0 355.0 340.0 337.0 332.0 320.0 314.0 320.0 333.0 398.0 390.0 399.0 359.0 380.0 466.0 866.0 1716.0 1670.0 1564.0 1639.0 1657.0 1670.0 1689.0 1650.0 1678.0 1694.0 1769.0 1809.0 1765.0 1463.0 1148.0 1123.0 1093.0 1185.0 1693.0 1862.0 1822.0 1824.0 1816.0 1814.0 1899.0 1888.0 1842.0 1813.0 1789.0 1788.0 1820.0 1831.0 1775.0 1794.0 1788.0 1777.0 1727.0 1627.0 1679.0 1607.0 1587.0 1698.0 1623.0 1341.0 1230.0 1341.0 1339.0 1241.0 1233.0 1245.0 1307.0 1299.0 1268.0 1176.0 1140.0 1138.0 1102.0 1086.0 1035.0
343.0 353.0 352.0 347.0 344.0 353.0 344.0 325.0 311.0 311.0 317.0 316.0 321.0 334.0 401.0 397.0 381.0 358.0 404.0 529.0 960.0 1601.0 1629.0 1681.0 1830.0 1655.0 1650.0 1635.0 1615.0 1668.0 1677.0 1799.0 1825.0 1774.0 1365.0 1148.0 1047.0 1096.0 1365.0 1789.0 1861.0 1823.0 1851.0 1824.0 1825.0 1844.0 1841.0 1841.0 1816.0 1828.0 1836.0 1820.0 1830.0 1828.0 1775.0 1800.0 1804.0 1774.0 1675.0 1660.0 1829.0 1846.0 1695.0 1625.0 1634.0 1557.0 1581.0 1635.0 1630.0 1459.0 1461.0 1391.0 1298.0 1276.0 1207.0 1153.0 1137.0 1102.0 1090.0 1032.0
341.0 346.0 352.0 349.0 335.0 320.0 305.0 296.0 292.0 294.0 311.0 308.0 323.0 403.0 452.0 440.0 425.0 426.0 447.0 751.0 1201.0 1452.0 1694.0 1751.0 1796.0 1668.0 1690.0 1643.0 1646.0 1678.0 1695.0 1813.0 1833.0 1772.0 1463.0 1285.0 1133.0 1285.0 1575.0 1756.0 1790.0 1822.0 1828.0 1868.0 1911.0 1835.0 1833.0 1841.0 1826.0 1839.0 1819.0 1757.0 1761.0 1839.0 1823.0 1835.0 1801.0 1814.0 1794.0 1656.0 1727.0 1814.0 1713.0 1622.0 1725.0 1791.0 1636.0 1517.0 1546.0 1424.0 1392.0 1357.0 1292.0 1253.0 1209.0 1155.0 1137.0 1105.0 1090.0 1029.0
334.0 319.0 324.0 326.0 331.0 328.0 307.0 300.0 300.0 298.0 299.0 303.0 333.0 425.0 459.0 434.0 416.0 436.0 613.0 1044.0 1640.0 1917.0 1660.0 1641.0 1823.0 1887.0 1873.0 1775.0 1786.0 1808.0 1800.0 1806.0 1791.0 1762.0 1658.0 1369.0 1364.0 1591.0 1753.0 1808.0 1791.0 1816.0 1809.0 1820.0 1818.0 1820.0 1849.0 1857.0 1811.0 1784.0 1743.0 1671.0 1757.0 1751.0 1752.0 1846.0 1818.0 1750.0 1754.0 1705.0 1749.0 1845.0 1775.0 1809.0 1843.0 1775.0 1724.0 1744.0 1675.0 1415.0 1390.0 1322.0 1288.0 1255.0 1198.0 1142.0 1137.0 1100.0 1075.0 1027.0
318.0 321.0 328.0 333.0 332.0 310.0 312.0 311.0 308.0 313.0 309.0 314.0 391.0 431.0 449.0 435.0 447.0 451.0 875.0 1428.0 1710.0 1734.0 1744.0 1644.0 1835.0 1887.0 1873.0 1888.0 1909.0 1811.0 1804.0 1813.0 1782.0 1769.0 1702.0 1517.0 1517.0 1811.0 1788.0 1837.0 1822.0 1817.0 1807.0 1840.0 1824.0 1815.0 1849.0 1835.0 1810.0 1795.0 1795.0 1766.0 1744.0 1760.0 1800.0 1811.0 1812.0 1820.0 1807.0 1814.0 1811.0 1812.0 1707.0 1667.0 1836.0 1822.0 1717.0 1689.0 1673.0 1448.0 1389.0 1322.0 1290.0 1261.0 1232.0 1155.0 1137.0 1098.0 1070.0 1028.0
310.0 319.0 318.0 314.0 305.0 292.0 283.0 294.0 306.0 314.0 332.0 372.0 406.0 430.0 429.0 438.0 434.0 513.0 1167.0 1624.0 1824.0 1782.0 1603.0 1777.0 1597.0 1726.0 1707.0 1743.0 1765.0 1800.0 1816.0 1810.0 1801.0 1780.0 1741.0 1919.0 1700.0 1870.0 1945.0 1816.0 1851.0 1856.0 1807.0 1817.0 1824.0 1831.0 1847.0 1834.0 1863.0 1832.0 1801.0 1800.0 1831.0 1846.0 1802.0 1764.0 1701.0 1687.0 1671.0 1766.0 1762.0 1785.0 1819.0 1833.0 1729.0 1719.0 1657.0 1638.0 1697.0 1610.0 1462.0 1327.0 1288.0 1248.0 1221.0 1151.0 1128.0 1095.0 1071.0 1026.0
301.0 303.0 282.0 281.0 285.0 289.0 277.0 279.0 283.0 286.0 284.0 300.0 390.0 424.0 427.0 436.0 426.0 957.0 1519.0 1621.0 1647.0 1677.0 1573.0 1751.0 1310.0 1601.0 1715.0 1745.0 1909.0 1930.0 1801.0 1793.0 1799.0 1787.0 1740.0 1919.0 1852.0 1805.0 1945.0 1768.0 1835.0 1859.0 1809.0 1784.0 1805.0 1826.0 1877.0 1869.0 1867.0 1869.0 1814.0 1786.0 1838.0 1846.0 1796.0 1743.0 1701.0 1691.0 1745.0 1815.0 1802.0 1835.0 1902.0 1942.0 1843.0 1782.0 1751.0 1677.0 1672.0 1608.0 1636.0 1405.0 1287.0 1243.0 1199.0 1142.0 1124.0 1083.0 1072.0 1025.0
252.0 253.0 258.0 266.0 272.0 275.0 274.0 277.0 288.0 299.0 310.0 359.0 401.0 425.0 422.0 434.0 720.0 1521.0 1519.0 1561.0 1655.0 1728.0 1658.0 1707.0 1634.0 1601.0 1717.0 1742.0 1758.0 1784.0 1859.0 1947.0 1883.0 1756.0 1739.0 1703.0 1752.0 1803.0 1770.0 1747.0 1767.0 1805.0 1780.0 1798.0 1821.0 1809.0 1866.0 1880.0 1878.0 1875.0 1800.0 1812.0 1865.0 1860.0 1795.0 1761.0 1812.0 1802.0 1825.0 1818.0 1819.0 1916.0 1880.0 1830.0 1845.0 1829.0 1749.0 1716.0 1690.0 1610.0 1686.0 1641.0 1413.0 1254.0 1190.0 1147.0 1127.0 1082.0 1071.0 1026.0
242.0 248.0 256.0 260.0 259.0 264.0 269.0 277.0 292.0 300.0 306.0 295.0 364.0 424.0 434.0 597.0 1227.0 1659.0 1375.0 1563.0 1650.0 1670.0 1753.0 1683.0 1632.0 1758.0 1747.0 1711.0 1761.0 1769.0 1806.0 1832.0 1882.0 1898.0 1741.0 1703.0 1852.0 1804.0 1628.0 1820.0 1860.0 1779.0 1620.0 1779.0 1847.0 1777.0 1837.0 1878.0 1875.0 1806.0 1786.0 1832.0 1910.0 1892.0 1794.0 1822.0 1824.0 1821.0 1821.0 1759.0 1804.0 1833.0 1805.0 1725.0 1732.0 1728.0 1725.0 1726.0 1726.0 1720.0 1686.0 1641.0 1524.0 1378.0 1226.0 1160.0 1119.0 1086.0 1071.0 1025.0
