2287.0 2433.0 2286.0 1911.0 2184.0 2241.0 2032.0 1911.0 2025.0 2104.0 2118.0 2254.0 2226.0 2070.0 2046.0 2131.0 2202.0 2062.0 2077.0 2106.0 2081.0 2074.0 2086.0 2100.0 2196.0 2052.0 2198.0 2103.0 2087.0 2103.0 2093.0 2082.0 2090.0 2069.0 2026.0 2017.0 2017.0 1981.0 2139.0 2004.0 2139.0 1996.0 1987.0 1990.0 1887.0 1933.0 1878.0 1466.0 1184.0 940.0 726.0 698.0 691.0 688.0 687.0 685.0 682.0 680.0 678.0 676.0 667.0 639.0 618.0 621.0 649.0 698.0 713.0 742.0 759.0 758.0 779.0 952.0 1220.0 1634.0 1798.0 1804.0 1772.0 1686.0 1686.0 1695.0
2037.0 2191.0 2508.0 2018.0 2206.0 2361.0 2101.0 1962.0 1966.0 2070.0 2093.0 2214.0 2270.0 2180.0 2104.0 2132.0 2098.0 2052.0 2097.0 2171.0 2165.0 2103.0 2139.0 2065.0 2126.0 2063.0 2153.0 2111.0 2033.0 2125.0 2151.0 2152.0 2154.0 2096.0 2127.0 1962.0 2145.0 1964.0 2150.0 2110.0 2042.0 1962.0 1964.0 1952.0 1942.0 1720.0 1299.0 864.0 688.0 686.0 685.0 686.0 686.0 685.0 685.0 686.0 687.0 688.0 688.0 688.0 688.0 682.0 674.0 670.0 669.0 672.0 689.0 718.0 724.0 732.0 745.0 770.0 940.0 1254.0 1559.0 1739.0 1695.0 1669.0 1682.0 1662.0
2041.0 2061.0 2364.0 2229.0 2230.0 2361.0 2105.0 1984.0 1986.0 2143.0 2230.0 2096.0 2097.0 2180.0 2120.0 2014.0 2097.0 2195.0 2097.0 2175.0 2199.0 2119.0 2147.0 2078.0 2109.0 2075.0 2152.0 2129.0 2107.0 2092.0 2131.0 2144.0 2152.0 2091.0 2121.0 2048.0 2143.0 2073.0 2054.0 2068.0 2040.0 1962.0 1969.0 1942.0 1942.0 1312.0 744.0 716.0 698.0 708.0 705.0 698.0 696.0 697.0 706.0 708.0 705.0 701.0 697.0 697.0 699.0 701.0 704.0 702.0 700.0 701.0 700.0 714.0 721.0 739.0 754.0 771.0 789.0 850.0 1251.0 1738.0 1696.0 1743.0 1688.0 1633.0
2004.0 1933.0 2210.0 2230.0 2231.0 2244.0 2221.0 2219.0 2048.0 1849.0 2231.0 2255.0 2256.0 2249.0 2151.0 2014.0 2095.0 2195.0 2235.0 2228.0 2199.0 2127.0 2163.0 2156.0 2111.0 2061.0 2088.0 2095.0 2106.0 2110.0 2121.0 2108.0 2105.0 2042.0 2105.0 2046.0 2082.0 2063.0 2039.0 2030.0 2022.0 2033.0 2015.0 1888.0 1647.0 1003.0 748.0 745.0 748.0 736.0 731.0 733.0 730.0 729.0 728.0 727.0 723.0 724.0 722.0 715.0 711.0 707.0 706.0 705.0 704.0 705.0 707.0 710.0 722.0 753.0 768.0 778.0 794.0 819.0 1078.0 1725.0 1744.0 1746.0 1698.0 1633.0
2057.0 1933.0 2206.0 2230.0 2175.0 2121.0 2166.0 2018.0 2001.0 2126.0 2224.0 2210.0 2246.0 2251.0 2224.0 2120.0 2096.0 2090.0 2232.0 2236.0 2196.0 2218.0 2234.0 2084.0 2047.0 2077.0 2064.0 2094.0 2100.0 2061.0 2079.0 2112.0 2066.0 2021.0 2092.0 2045.0 2083.0 2080.0 2052.0 2032.0 1989.0 2041.0 2015.0 1872.0 1256.0 828.0 758.0 769.0 760.0 760.0 752.0 745.0 745.0 740.0 734.0 732.0 733.0 735.0 736.0 735.0 729.0 717.0 710.0 710.0 708.0 708.0 724.0 754.0 771.0 772.0 774.0 782.0 798.0 823.0 1036.0 1533.0 1766.0 1734.0 1702.0 1635.0
2207.0 2022.0 2220.0 2360.0 2351.0 2155.0 2260.0 2233.0 2095.0 2161.0 2076.0 2111.0 2133.0 2104.0 2160.0 2286.0 2124.0 2089.0 2098.0 2093.0 2087.0 2218.0 2088.0 2090.0 2162.0 2179.0 2088.0 2098.0 2089.0 2057.0 2081.0 2068.0 2045.0 2024.0 2105.0 2026.0 2084.0 2101.0 2059.0 2063.0 1992.0 2034.0 1987.0 1732.0 1049.0 796.0 789.0 780.0 768.0 775.0 762.0 750.0 752.0 748.0 743.0 740.0 741.0 742.0 744.0 746.0 744.0 748.0 758.0 762.0 765.0 766.0 760.0 762.0 776.0 781.0 779.0 785.0 802.0 824.0 992.0 1379.0 1751.0 1715.0 1702.0 1675.0
2336.0 2131.0 2199.0 2176.0 2134.0 2156.0 2145.0 2225.0 2209.0 2130.0 2076.0 2113.0 2145.0 2110.0 2049.0 2169.0 2125.0 2095.0 2096.0 2097.0 2087.0 2089.0 1953.0 2171.0 2107.0 2177.0 2191.0 2101.0 2055.0 2057.0 2082.0 2102.0 2079.0 2115.0 2108.0 2100.0 2082.0 2092.0 2040.0 2073.0 2021.0 2024.0 1996.0 1525.0 1049.0 808.0 797.0 786.0 773.0 784.0 770.0 755.0 754.0 750.0 746.0 745.0 745.0 744.0 747.0 752.0 754.0 760.0 760.0 762.0 769.0 770.0 769.0 769.0 785.0 789.0 783.0 788.0 805.0 827.0 990.0 1373.0 1727.0 1701.0 1703.0 1690.0
2543.0 2330.0 2392.0 2360.0 1945.0 2071.0 2138.0 2134.0 2109.0 2126.0 2130.0 2208.0 2249.0 2219.0 2214.0 2115.0 2127.0 2178.0 2188.0 2219.0 2219.0 2136.0 2232.0 2187.0 2060.0 2167.0 2194.0 2142.0 2059.0 2051.0 2088.0 2140.0 2119.0 2125.0 2109.0 2151.0 2086.0 2104.0 2036.0 2061.0 2080.0 2036.0 1950.0 1272.0 911.0 835.0 804.0 795.0 793.0 799.0 792.0 768.0 757.0 755.0 759.0 759.0 754.0 751.0 752.0 753.0 759.0 765.0 769.0 785.0 786.0 777.0 781.0 783.0 781.0 784.0 784.0 794.0 814.0 833.0 1009.0 1388.0 1729.0 1729.0 1706.0 1640.0
2302.0 2276.0 2245.0 2174.0 1945.0 2054.0 2132.0 2138.0 2012.0 2125.0 2132.0 2191.0 2245.0 2259.0 2053.0 2117.0 2119.0 2112.0 2178.0 2228.0 2232.0 2086.0 2155.0 2087.0 2099.0 2188.0 2196.0 2148.0 2086.0 2056.0 2084.0 2139.0 2129.0 2115.0 2114.0 2038.0 2080.0 2109.0 2029.0 2042.0 2086.0 2012.0 1830.0 1231.0 885.0 837.0 819.0 813.0 815.0 809.0 806.0 803.0 807.0 822.0 820.0 816.0 821.0 828.0 800.0 774.0 783.0 813.0 822.0 800.0 793.0 821.0 824.0 824.0 811.0 796.0 797.0 819.0 855.0 845.0 1065.0 1533.0 1803.0 1809.0 1784.0 1670.0
2359.0 2262.0 2120.0 1986.0 1957.0 2148.0 2199.0 2143.0 2203.0 2167.0 2227.0 2187.0 2149.0 2206.0 2088.0 2108.0 2129.0 2114.0 2087.0 2073.0 2119.0 2069.0 2091.0 2120.0 2103.0 2119.0 2131.0 2131.0 2096.0 2131.0 2085.0 2063.0 2117.0 2119.0 2113.0 2032.0 2049.0 2101.0 2027.0 2055.0 2091.0 2010.0 1693.0 1225.0 899.0 849.0 824.0 823.0 825.0 812.0 812.0 824.0 840.0 832.0 824.0 824.0 831.0 840.0 859.0 878.0 881.0 857.0 830.0 837.0 861.0 851.0 841.0 827.0 826.0 866.0 895.0 893.0 861.0 875.0 1251.0 1756.0 1812.0 1800.0 1780.0 1698.0
2145.0 2135.0 2124.0 2158.0 2189.0 2342.0 2271.0 2138.0 2122.0 2235.0 2291.0 2276.0 2029.0 2133.0 2046.0 2170.0 2171.0 2163.0 2163.0 2151.0 2158.0 2086.0 2149.0 2224.0 2182.0 2099.0 2111.0 2152.0 2147.0 2137.0 2101.0 2041.0 2093.0 2105.0 2114.0 2105.0 2103.0 2101.0 2028.0 2061.0 2083.0 2022.0 1386.0 973.0 911.0 890.0 846.0 844.0 843.0 824.0 834.0 856.0 845.0 836.0 831.0 834.0 837.0 841.0 872.0 884.0 882.0 873.0 871.0 877.0 859.0 848.0 850.0 844.0 874.0 892.0 908.0 903.0 912.0 1041.0 1455.0 1815.0 1807.0 1701.0 1704.0 1699.0
2084.0 2100.0 2221.0 2466.0 2356.0 2350.0 2237.0 2070.0 2224.0 2410.0 2281.0 2109.0 2170.0 2262.0 2093.0 2117.0 2141.0 2115.0 2106.0 2218.0 2229.0 2133.0 2158.0 2220.0 2202.0 2132.0 2114.0 2194.0 2222.0 2132.0 2146.0 2052.0 2131.0 2100.0 2118.0 2152.0 2116.0 2119.0 2079.0 2097.0 2120.0 2014.0 1386.0 966.0 917.0 898.0 877.0 867.0 853.0 843.0 856.0 861.0 845.0 842.0 855.0 862.0 846.0 847.0 878.0 893.0 892.0 895.0 891.0 882.0 875.0 868.0 864.0 893.0 918.0 928.0 919.0 901.0 916.0 1277.0 1765.0 1828.0 1809.0 1802.0 1779.0 1704.0
2086.0 2107.0 2216.0 2466.0 2203.0 2141.0 2208.0 2252.0 2218.0 2231.0 2269.0 2275.0 2220.0 2216.0 2244.0 2116.0 2142.0 2158.0 2103.0 2178.0 2235.0 2187.0 2176.0 2136.0 2188.0 2197.0 2127.0 2153.0 2220.0 2133.0 2197.0 2149.0 2144.0 2143.0 2118.0 2151.0 2110.0 2135.0 2113.0 2058.0 2123.0 1827.0 1252.0 1003.0 980.0 943.0 923.0 897.0 892.0 927.0 936.0 925.0 926.0 922.0 908.0 884.0 889.0 938.0 966.0 946.0 922.0 916.0 900.0 885.0 882.0 895.0 895.0 910.0 924.0 929.0 912.0 916.0 1108.0 1529.0 1896.0 1814.0 1807.0 1769.0 1701.0 1672.0
2153.0 2129.0 2118.0 2262.0 2188.0 2167.0 2232.0 2241.0 2281.0 2289.0 2271.0 2266.0 2177.0 2257.0 2278.0 2169.0 2136.0 2160.0 2157.0 2145.0 2232.0 2202.0 2222.0 2130.0 2158.0 2211.0 2208.0 2129.0 2142.0 2136.0 2201.0 2211.0 2256.0 2147.0 2145.0 2157.0 2107.0 2123.0 2124.0 2092.0 2069.0 1526.0 1066.0 998.0 1010.0 1009.0 1011.0 953.0 928.0 932.0 955.0 941.0 939.0 927.0 922.0 978.0 981.0 955.0 969.0 955.0 939.0 936.0 930.0 955.0 965.0 928.0 944.0 1021.0 1022.0 957.0 1023.0 1179.0 1479.0 1819.0 1938.0 1892.0 1812.0 1780.0 1768.0 1709.0
2296.0 2286.0 2348.0 2304.0 2212.0 2172.0 2215.0 2241.0 2126.0 2157.0 2265.0 2284.0 2248.0 2258.0 2267.0 2225.0 2176.0 2160.0 2168.0 2171.0 2160.0 2163.0 2220.0 2170.0 2158.0 2199.0 2213.0 2152.0 2146.0 2140.0 2200.0 2146.0 2141.0 2150.0 2206.0 2174.0 2080.0 2107.0 2116.0 2069.0 2053.0 1526.0 1066.0 1062.0 1026.0 1047.0 1069.0 1059.0 1049.0 980.0 963.0 949.0 943.0 944.0 999.0 1024.0 996.0 1016.0 1027.0 998.0 989.0 1011.0 1039.0 1017.0 983.0 1019.0 1150.0 1165.0 1170.0 1278.0 1415.0 1618.0 1892.0 1962.0 1945.0 1933.0 1814.0 1773.0 1776.0 1711.0
2160.0 2218.0 2143.0 2236.0 2356.0 2354.0 2212.0 2169.0 2173.0 2202.0 2264.0 2272.0 2221.0 2236.0 2243.0 2216.0 2186.0 2160.0 2111.0 2212.0 2155.0 2134.0 2181.0 2215.0 2191.0 2198.0 2214.0 2177.0 2155.0 2126.0 2119.0 2148.0 2144.0 2181.0 2190.0 2148.0 2081.0 2129.0 2105.0 2065.0 2055.0 1681.0 1252.0 1079.0 1112.0 1065.0 1076.0 1178.0 1180.0 1117.0 980.0 972.0 976.0 1073.0 1072.0 1033.0 1079.0 1169.0 1180.0 1180.0 1106.0 1060.0 1050.0 1048.0 1096.0 1269.0 1515.0 1522.0 1523.0 1698.0 1859.0 1903.0 1999.0 1996.0 1946.0 1915.0 1817.0 1788.0 1784.0 1705.0
2195.0 2224.0 2141.0 2235.0 2218.0 2176.0 2219.0 2259.0 2293.0 2286.0 2227.0 2166.0 2208.0 2253.0 2276.0 2222.0 2153.0 2143.0 2089.0 2181.0 2188.0 2138.0 2186.0 2228.0 2200.0 2171.0 2216.0 2179.0 2142.0 2151.0 2150.0 2167.0 2136.0 2150.0 2174.0 2155.0 2122.0 2131.0 2180.0 2165.0 2129.0 1998.0 1550.0 1173.0 1120.0 1150.0 1290.0 1408.0 1290.0 1117.0 1152.0 1156.0 1153.0 1080.0 1073.0 1109.0 1192.0 1207.0 1196.0 1196.0 1205.0 1202.0 1205.0 1237.0 1505.0 1746.0 1875.0 1873.0 1876.0 1944.0 1986.0 2020.0 2021.0 1978.0 1943.0 1936.0 1823.0 1777.0 1772.0 1697.0
2296.0 2221.0 2103.0 2132.0 2154.0 2177.0 2281.0 2233.0 2275.0 2195.0 2093.0 2106.0 2224.0 2277.0 2278.0 2237.0 2212.0 2160.0 2153.0 2142.0 2239.0 2149.0 2146.0 2125.0 2136.0 2166.0 2233.0 2195.0 2143.0 2114.0 2205.0 2162.0 2138.0 2168.0 2174.0 2147.0 2118.0 2127.0 2163.0 2149.0 2140.0 2140.0 1947.0 1616.0 1452.0 1452.0 1568.0 1604.0 1434.0 1201.0 1152.0 1156.0 1173.0 1173.0 1180.0 1184.0 1190.0 1172.0 1180.0 1195.0 1206.0 1202.0 1205.0 1580.0 1951.0 1993.0 2052.0 2055.0 2036.0 2013.0 2017.0 2024.0 2031.0 2021.0 1947.0 1933.0 1882.0 1794.0 1779.0 1723.0
2078.0 2053.0 2133.0 2123.0 2150.0 2255.0 2283.0 2125.0 2177.0 2161.0 2088.0 2109.0 2229.0 2263.0 2190.0 2162.0 2204.0 2257.0 2175.0 2171.0 2164.0 2142.0 2173.0 2172.0 2204.0 2239.0 2211.0 2161.0 2199.0 2251.0 2238.0 2150.0 2134.0 2153.0 2174.0 2189.0 2179.0 2128.0 2175.0 2147.0 2127.0 2165.0 2147.0 2013.0 2012.0 1977.0 1789.0 1649.0 1526.0 1379.0 1233.0 1167.0 1174.0 1172.0 1180.0 1194.0 1195.0 1203.0 1195.0 1197.0 1206.0 1260.0 1510.0 1875.0 2089.0 2092.0 2080.0 2092.0 2083.0 2078.0 2082.0 2034.0 2015.0 2010.0 1953.0 1940.0 1890.0 1803.0 1788.0 1717.0
1991.0 2019.0 2148.0 2136.0 2150.0 2251.0 2275.0 2153.0 2231.0 2244.0 2145.0 2152.0 2348.0 2272.0 2199.0 2199.0 2241.0 2271.0 2258.0 2185.0 2246.0 2212.0 2159.0 2160.0 2195.0 2199.0 2189.0 2191.0 2211.0 2168.0 2185.0 2149.0 2178.0 2165.0 2179.0 2197.0 2092.0 2136.0 2181.0 2156.0 2121.0 2147.0 2167.0 2162.0 2137.0 2117.0 1922.0 1695.0 1714.0 1571.0 1403.0 1222.0 1201.0 1213.0 1216.0 1232.0 1285.0 1233.0 1226.0 1288.0 1493.0 1711.0 1894.0 2075.0 2109.0 2109.0 2077.0 2076.0 2052.0 2079.0 2105.0 2083.0 2031.0 2025.0 1964.0 1941.0 1857.0 1802.0 1790.0 1707.0
1998.0 2015.0 2126.0 2232.0 2222.0 2176.0 2278.0 2269.0 2252.0 2178.0 2135.0 2269.0 2150.0 2248.0 2176.0 2148.0 2260.0 2280.0 2184.0 2209.0 2197.0 2197.0 2178.0 2191.0 2191.0 2160.0 2186.0 2183.0 2213.0 2232.0 2185.0 2184.0 2171.0 2157.0 2175.0 2185.0 2136.0 2168.0 2182.0 2170.0 2145.0 2153.0 2167.0 2165.0 2137.0 2128.0 1942.0 1763.0 1767.0 1768.0 1703.0 1562.0 1435.0 1420.0 1373.0 1285.0 1288.0 1379.0 1411.0 1666.0 1965.0 2047.0 2096.0 2104.0 2101.0 2117.0 2078.0 2077.0 2058.0 2066.0 2089.0 2081.0 2072.0 2033.0 1961.0 1939.0 1820.0 1782.0 1781.0 1692.0
2104.0 2042.0 2122.0 2314.0 2323.0 2161.0 2281.0 2362.0 2357.0 2191.0 2090.0 2247.0 2154.0 2251.0 2284.0 2266.0 2264.0 2274.0 2270.0 2171.0 2143.0 2268.0 2236.0 2166.0 2180.0 2186.0 2247.0 2241.0 2144.0 2253.0 2245.0 2198.0 2201.0 2188.0 2224.0 2200.0 2150.0 2183.0 2179.0 2156.0 2149.0 2160.0 2167.0 2168.0 2155.0 2141.0 1988.0 1773.0 1772.0 1813.0 1890.0 1967.0 1958.0 1861.0 1803.0 1677.0 1677.0 1812.0 1860.0 2000.0 2111.0 2115.0 2102.0 2086.0 2091.0 2117.0 2125.0 2100.0 2087.0 2049.0 2067.0 2074.0 2070.0 2031.0 1955.0 1937.0 1819.0 1800.0 1793.0 1721.0
2143.0 2213.0 2193.0 2309.0 2323.0 2255.0 2484.0 2484.0 2357.0 2151.0 2131.0 2154.0 2348.0 2245.0 2172.0 2182.0 2199.0 2260.0 2294.0 2258.0 2189.0 2170.0 2160.0 2164.0 2210.0 2232.0 2196.0 2188.0 2199.0 2190.0 2225.0 2240.0 2185.0 2167.0 2193.0 2188.0 2188.0 2179.0 2178.0 2182.0 2189.0 2170.0 2166.0 2183.0 2171.0 2140.0 2156.0 1953.0 1826.0 1824.0 1893.0 2100.0 2166.0 2151.0 2125.0 2023.0 2025.0 2114.0 2116.0 2116.0 2132.0 2119.0 2120.0 2116.0 2120.0 2142.0 2147.0 2121.0 2121.0 2095.0 2086.0 2047.0 2035.0 2023.0 1988.0 1954.0 1850.0 1819.0 1804.0 1724.0
2076.0 2168.0 2062.0 2075.0 2218.0 2381.0 2697.0 2259.0 2244.0 2415.0 2261.0 2151.0 2210.0 2269.0 2255.0 2179.0 2168.0 2102.0 2218.0 2197.0 2246.0 2265.0 2378.0 2376.0 2232.0 2236.0 2237.0 2236.0 2206.0 2193.0 2218.0 2203.0 2202.0 2178.0 2209.0 2199.0 2198.0 2188.0 2185.0 2184.0 2190.0 2185.0 2167.0 2169.0 2135.0 2127.0 2188.0 2110.0 1884.0 1861.0 1904.0 2099.0 2185.0 2186.0 2147.0 2152.0 2142.0 2131.0 2124.0 2120.0 2132.0 2119.0 2098.0 2120.0 2123.0 2139.0 2148.0 2124.0 2123.0 2135.0 2093.0 2036.0 2037.0 2034.0 2024.0 1993.0 1860.0 1824.0 1803.0 1715.0
2105.0 2061.0 2072.0 2078.0 2204.0 2338.0 2218.0 2119.0 2138.0 2198.0 2129.0 2122.0 2222.0 2242.0 2165.0 2137.0 2188.0 2196.0 2120.0 2199.0 2160.0 2205.0 2238.0 2229.0 2239.0 2235.0 2236.0 2231.0 2215.0 2202.0 2221.0 2200.0 2184.0 2187.0 2185.0 2194.0 2204.0 2186.0 2187.0 2192.0 2191.0 2180.0 2166.0 2165.0 2173.0 2196.0 2194.0 2149.0 1958.0 1932.0 1948.0 2099.0 2191.0 2190.0 2149.0 2147.0 2153.0 2139.0 2124.0 2106.0 2122.0 2121.0 2097.0 2121.0 2124.0 2116.0 2128.0 2120.0 2117.0 2131.0 2090.0 2028.0 2033.0 2036.0 2022.0 1991.0 1870.0 1826.0 1812.0 1734.0
2331.0 1845.0 2117.0 2071.0 2071.0 2344.0 2211.0 2157.0 2147.0 2138.0 2082.0 2133.0 2218.0 2166.0 2151.0 2179.0 2202.0 2274.0 2262.0 2186.0 2170.0 2201.0 2229.0 2216.0 2233.0 2240.0 2219.0 2230.0 2216.0 2273.0 2239.0 2216.0 2191.0 2234.0 2226.0 2217.0 2219.0 2184.0 2185.0 2189.0 2192.0 2185.0 2163.0 2154.0 2172.0 2201.0 2191.0 2074.0 1956.0 1933.0 1965.0 2102.0 2161.0 2173.0 2149.0 2147.0 2144.0 2135.0 2140.0 2109.0 2118.0 2139.0 2129.0 2132.0 2131.0 2108.0 2113.0 2116.0 2089.0 2099.0 2093.0 2020.0 2034.0 2034.0 2019.0 1988.0 1876.0 1834.0 1828.0 1743.0
2331.0 2191.0 2040.0 2054.0 2184.0 2231.0 2216.0 2194.0 2228.0 2270.0 2390.0 2229.0 2222.0 2198.0 2254.0 2256.0 2193.0 2292.0 2284.0 2207.0 2177.0 2202.0 2183.0 2170.0 2200.0 2222.0 2218.0 2226.0 2214.0 2276.0 2223.0 2241.0 2215.0 2235.0 2229.0 2225.0 2221.0 2186.0 2192.0 2193.0 2191.0 2190.0 2207.0 2204.0 2191.0 2199.0 2180.0 1969.0 1886.0 1925.0 1976.0 2132.0 2162.0 2156.0 2150.0 2157.0 2154.0 2139.0 2146.0 2120.0 2126.0 2140.0 2148.0 2141.0 2133.0 2135.0 2129.0 2125.0 2092.0 2073.0 2106.0 2112.0 2044.0 2025.0 2002.0 1988.0 1916.0 1876.0 1861.0 1784.0
2086.0 2061.0 2100.0 2071.0 2096.0 2331.0 2213.0 2258.0 2288.0 2264.0 2270.0 2178.0 2177.0 2198.0 2256.0 2255.0 2199.0 2271.0 2247.0 2209.0 2186.0 2191.0 2167.0 2187.0 2236.0 2187.0 2217.0 2215.0 2223.0 2226.0 2212.0 2209.0 2211.0 2239.0 2219.0 2214.0 2201.0 2184.0 2193.0 2202.0 2192.0 2190.0 2209.0 2212.0 2192.0 2194.0 2183.0 2023.0 1884.0 1868.0 1968.0 2158.0 2171.0 2158.0 2153.0 2150.0 2159.0 2142.0 2119.0 2118.0 2126.0 2136.0 2142.0 2131.0 2132.0 2143.0 2135.0 2129.0 2123.0 2098.0 2114.0 2112.0 2018.0 2020.0 2014.0 1986.0 1924.0 1866.0 1840.0 1770.0
2145.0 2178.0 2211.0 2169.0 2116.0 2228.0 2100.0 2117.0 2137.0 2136.0 2120.0 2144.0 2171.0 2197.0 2198.0 2189.0 2192.0 2196.0 2244.0 2196.0 2222.0 2190.0 2179.0 2218.0 2227.0 2186.0 2217.0 2193.0 2222.0 2208.0 2230.0 2200.0 2220.0 2231.0 2218.0 2209.0 2192.0 2185.0 2198.0 2209.0 2197.0 2192.0 2193.0 2199.0 2195.0 2193.0 2191.0 2157.0 1957.0 1869.0 1969.0 2159.0 2161.0 2155.0 2155.0 2147.0 2154.0 2142.0 2103.0 2112.0 2136.0 2141.0 2148.0 2138.0 2136.0 2135.0 2130.0 2151.0 2145.0 2122.0 2119.0 2012.0 1961.0 2017.0 1998.0 1949.0 1892.0 1816.0 1803.0 1747.0
2098.0 2183.0 2126.0 2184.0 2222.0 2108.0 2101.0 2043.0 2044.0 2160.0 2221.0 2136.0 2225.0 2188.0 2168.0 2199.0 2211.0 2211.0 2343.0 2184.0 2210.0 2195.0 2206.0 2209.0 2189.0 2186.0 2216.0 2193.0 2212.0 2179.0 2245.0 2194.0 2216.0 2209.0 2214.0 2225.0 2198.0 2185.0 2192.0 2213.0 2198.0 2194.0 2197.0 2197.0 2196.0 2193.0 2200.0 2182.0 2141.0 2056.0 2030.0 2164.0 2162.0 2154.0 2156.0 2162.0 2157.0 2144.0 2115.0 2123.0 2145.0 2138.0 2157.0 2153.0 2137.0 2131.0 2125.0 2154.0 2134.0 2109.0 2114.0 2005.0 1960.0 1951.0 1937.0 1925.0 1904.0 1820.0 1806.0 1759.0
2101.0 2054.0 2094.0 2219.0 2283.0 2112.0 2254.0 2258.0 2230.0 2251.0 2279.0 2104.0 2251.0 2199.0 2197.0 2249.0 2270.0 2303.0 2345.0 2232.0 2205.0 2182.0 2185.0 2186.0 2192.0 2193.0 2214.0 2209.0 2201.0 2175.0 2229.0 2192.0 2167.0 2236.0 2233.0 2224.0 2202.0 2192.0 2194.0 2207.0 2197.0 2196.0 2192.0 2181.0 2188.0 2188.0 2200.0 2178.0 2149.0 2157.0 2164.0 2168.0 2164.0 2159.0 2165.0 2167.0 2161.0 2144.0 2119.0 2122.0 2145.0 2131.0 2147.0 2150.0 2136.0 2133.0 2138.0 2153.0 2113.0 2077.0 2034.0 1980.0 1945.0 1936.0 1948.0 1935.0 1924.0 1839.0 1808.0 1755.0
2215.0 2054.0 2197.0 2253.0 2274.0 2229.0 2373.0 2414.0 2329.0 2217.0 2217.0 2119.0 2248.0 2220.0 2200.0 2197.0 2204.0 2245.0 2254.0 2236.0 2216.0 2178.0 2177.0 2185.0 2217.0 2218.0 2212.0 2222.0 2166.0 2181.0 2240.0 2244.0 2170.0 2242.0 2228.0 2212.0 2197.0 2202.0 2221.0 2206.0 2198.0 2198.0 2187.0 2177.0 2191.0 2185.0 2179.0 2167.0 2149.0 2157.0 2163.0 2164.0 2162.0 2158.0 2166.0 2168.0 2158.0 2137.0 2113.0 2120.0 2144.0 2130.0 2125.0 2130.0 2132.0 2132.0 2148.0 2157.0 2136.0 2091.0 2019.0 1979.0 1958.0 1961.0 1984.0 1942.0 1922.0 1846.0 1810.0 1749.0
2109.0 2154.0 2217.0 2203.0 2172.0 2233.0 2251.0 2267.0 2238.0 2131.0 2157.0 2146.0 2224.0 2191.0 2158.0 2174.0 2197.0 2203.0 2253.0 2185.0 2193.0 2181.0 2193.0 2174.0 2182.0 2220.0 2215.0 2218.0 2163.0 2219.0 2244.0 2239.0 2170.0 2185.0 2188.0 2213.0 2196.0 2196.0 2217.0 2204.0 2195.0 2200.0 2193.0 2177.0 2179.0 2178.0 2167.0 2173.0 2168.0 2165.0 2164.0 2161.0 2159.0 2156.0 2165.0 2134.0 2143.0 2127.0 2129.0 2125.0 2137.0 2125.0 2114.0 2121.0 2134.0 2126.0 2136.0 2153.0 2140.0 2099.0 2024.0 1993.0 2035.0 2024.0 1998.0 1911.0 1870.0 1852.0 1854.0 1770.0
1954.0 2053.0 2154.0 2197.0 2159.0 2012.0 2112.0 2044.0 2044.0 2122.0 2132.0 2142.0 2120.0 2153.0 2199.0 2238.0 2268.0 2316.0 2246.0 2267.0 2209.0 2172.0 2201.0 2161.0 2122.0 2216.0 2226.0 2146.0 2194.0 2253.0 2195.0 2151.0 2167.0 2163.0 2194.0 2195.0 2197.0 2190.0 2184.0 2191.0 2192.0 2199.0 2195.0 2173.0 2173.0 2177.0 2165.0 2168.0 2169.0 2164.0 2168.0 2166.0 2163.0 2164.0 2164.0 2123.0 2144.0 2144.0 2154.0 2124.0 2133.0 2127.0 2117.0 2130.0 2137.0 2124.0 2125.0 2147.0 2127.0 2080.0 2030.0 2032.0 2039.0 2029.0 1999.0 1893.0 1852.0 1850.0 1854.0 1788.0
2120.0 2215.0 2236.0 2275.0 2283.0 2122.0 2242.0 2128.0 2140.0 2233.0 2205.0 2256.0 2214.0 2146.0 2213.0 2242.0 2130.0 2290.0 2269.0 2297.0 2225.0 2177.0 2220.0 2194.0 2130.0 2179.0 2215.0 2145.0 2163.0 2253.0 2198.0 2133.0 2191.0 2181.0 2226.0 2212.0 2211.0 2196.0 2178.0 2193.0 2192.0 2196.0 2197.0 2187.0 2188.0 2175.0 2159.0 2159.0 2163.0 2155.0 2163.0 2167.0 2160.0 2161.0 2164.0 2170.0 2167.0 2155.0 2137.0 2119.0 2129.0 2133.0 2147.0 2140.0 2131.0 2120.0 2134.0 2146.0 2123.0 2091.0 2022.0 2028.0 2040.0 2024.0 1988.0 1919.0 1886.0 1851.0 1819.0 1753.0
2187.0 2526.0 2125.0 2174.0 2310.0 2340.0 2223.0 2160.0 2150.0 2223.0 2216.0 2169.0 2121.0 2128.0 2207.0 2190.0 2120.0 2209.0 2266.0 2229.0 2202.0 2176.0 2212.0 2167.0 2122.0 2164.0 2179.0 2160.0 2156.0 2249.0 2237.0 2179.0 2212.0 2182.0 2213.0 2213.0 2199.0 2183.0 2181.0 2212.0 2192.0 2188.0 2206.0 2196.0 2184.0 2171.0 2162.0 2164.0 2165.0 2156.0 2158.0 2161.0 2155.0 2163.0 2158.0 2165.0 2146.0 2138.0 2113.0 2112.0 2124.0 2125.0 2131.0 2126.0 2101.0 2115.0 2133.0 2143.0 2124.0 2098.0 2020.0 2012.0 2044.0 2024.0 1990.0 1948.0 1926.0 1858.0 1819.0 1752.0
2122.0 2150.0 2047.0 2067.0 2155.0 2238.0 2116.0 2160.0 2305.0 2312.0 2197.0 2121.0 2109.0 2122.0 2175.0 2182.0 2131.0 2138.0 2270.0 2100.0 2173.0 2247.0 2218.0 2187.0 2175.0 2176.0 2185.0 2133.0 2155.0 2203.0 2189.0 2212.0 2231.0 2181.0 2185.0 2156.0 2156.0 2148.0 2178.0 2209.0 2188.0 2175.0 2192.0 2169.0 2154.0 2174.0 2170.0 2164.0 2164.0 2167.0 2166.0 2157.0 2144.0 2142.0 2112.0 2125.0 2137.0 2120.0 2115.0 2116.0 2124.0 2119.0 2103.0 2067.0 2073.0 2112.0 2112.0 2127.0 2121.0 2098.0 2042.0 2046.0 2049.0 2030.0 2002.0 1960.0 1934.0 1860.0 1822.0 1751.0
2186.0 2183.0 2114.0 2155.0 2290.0 2366.0 2356.0 2138.0 2126.0 2226.0 2315.0 2261.0 2118.0 2173.0 2143.0 2114.0 2186.0 2213.0 2189.0 2143.0 2203.0 2206.0 2191.0 2153.0 2172.0 2222.0 2191.0 2173.0 2149.0 2136.0 2137.0 2190.0 2175.0 2180.0 2161.0 2143.0 2180.0 2158.0 2176.0 2201.0 2190.0 2173.0 2172.0 2163.0 2145.0 2171.0 2177.0 2162.0 2169.0 2179.0 2165.0 2161.0 2123.0 2126.0 2118.0 2119.0 2137.0 2144.0 2119.0 2118.0 2125.0 2120.0 2099.0 2062.0 2064.0 2074.0 2057.0 2023.0 2026.0 2050.0 2029.0 2023.0 2029.0 2004.0 1978.0 1929.0 1898.0 1857.0 1822.0 1750.0
2289.0 2369.0 2094.0 2068.0 2146.0 2358.0 2356.0 2228.0 2274.0 2229.0 2113.0 2171.0 2145.0 2080.0 2087.0 2107.0 2120.0 2193.0 2110.0 2102.0 2129.0 2171.0 2221.0 2201.0 2241.0 2228.0 2084.0 2068.0 2142.0 2208.0 2192.0 2215.0 2143.0 2148.0 2198.0 2207.0 2178.0 2169.0 2187.0 2217.0 2188.0 2168.0 2190.0 2180.0 2166.0 2169.0 2157.0 2152.0 2164.0 2156.0 2151.0 2137.0 2116.0 2144.0 2150.0 2139.0 2134.0 2145.0 2102.0 2103.0 2117.0 2112.0 2078.0 2050.0 1960.0 1835.0 1866.0 1862.0 1857.0 1864.0 1859.0 1845.0 1828.0 1811.0 1809.0 1808.0 1835.0 1827.0 1794.0 1734.0
2272.0 2233.0 2123.0 2138.0 2134.0 2106.0 2210.0 2132.0 2309.0 2318.0 2124.0 2163.0 2189.0 2200.0 2218.0 2170.0 2119.0 2210.0 2155.0 2161.0 2132.0 2160.0 2167.0 2196.0 2146.0 2057.0 2075.0 2117.0 2148.0 2216.0 2150.0 2183.0 2191.0 2176.0 2185.0 2180.0 2195.0 2156.0 2154.0 2152.0 2154.0 2165.0 2167.0 2173.0 2184.0 2175.0 2159.0 2161.0 2178.0 2181.0 2148.0 2143.0 2127.0 2120.0 2142.0 2135.0 2131.0 2133.0 2100.0 2094.0 2110.0 2107.0 2080.0 2042.0 1938.0 1814.0 1748.0 1720.0 1639.0 1673.0 1674.0 1668.0 1665.0 1664.0 1663.0 1659.0 1658.0 1647.0 1627.0 1609.0
2112.0 2051.0 2046.0 2142.0 2180.0 2140.0 2181.0 2231.0 2303.0 2291.0 2202.0 2264.0 2157.0 2072.0 2089.0 2108.0 2109.0 2135.0 2144.0 2116.0 2263.0 2172.0 2130.0 2110.0 2131.0 2173.0 2182.0 2124.0 2161.0 2212.0 2193.0 2182.0 2174.0 2174.0 2168.0 2133.0 2159.0 2174.0 2190.0 2157.0 2152.0 2164.0 2170.0 2175.0 2183.0 2168.0 2156.0 2149.0 2136.0 2168.0 2139.0 2140.0 2119.0 2112.0 2140.0 2119.0 2109.0 2114.0 2097.0 2092.0 2109.0 2099.0 2088.0 2039.0 1899.0 1814.0 1740.0 1708.0 1623.0 1534.0 1505.0 1487.0 1516.0 1510.0 1508.0 1520.0 1528.0 1518.0 1505.0 1500.0
2111.0 2050.0 2018.0 2083.0 2183.0 2221.0 2184.0 2230.0 2295.0 2295.0 2307.0 2408.0 2124.0 2174.0 2140.0 2150.0 2162.0 2127.0 2155.0 2154.0 2234.0 2167.0 2131.0 2167.0 2243.0 2226.0 2183.0 2145.0 2139.0 2198.0 2123.0 2187.0 2171.0 2167.0 2188.0 2181.0 2141.0 2143.0 2183.0 2169.0 2155.0 2162.0 2185.0 2172.0 2141.0 2168.0 2169.0 2167.0 2198.0 2186.0 2152.0 2144.0 2133.0 2136.0 2137.0 2132.0 2111.0 2103.0 2094.0 2107.0 2122.0 2113.0 2097.0 2040.0 1914.0 1825.0 1742.0 1696.0 1617.0 1533.0 1504.0 1438.0 1375.0 1339.0 1322.0 1382.0 1381.0 1385.0 1384.0 1361.0
2276.0 2179.0 2116.0 2131.0 2130.0 2103.0 2104.0 2123.0 2057.0 2114.0 2232.0 2261.0 2145.0 2300.0 2211.0 2109.0 2119.0 2138.0 2132.0 2120.0 2236.0 2165.0 2159.0 2226.0 2243.0 2154.0 2078.0 2097.0 2074.0 2179.0 2146.0 2165.0 2162.0 2061.0 2195.0 2172.0 2158.0 2155.0 2140.0 2148.0 2129.0 2151.0 2186.0 2174.0 2164.0 2160.0 2165.0 2147.0 2131.0 2126.0 2138.0 2139.0 2125.0 2109.0 2117.0 2114.0 2111.0 2109.0 2098.0 2084.0 2062.0 2103.0 2090.0 2030.0 1912.0 1835.0 1740.0 1695.0 1615.0 1530.0 1500.0 1448.0 1379.0 1325.0 1292.0 1244.0 1221.0 1220.0 1257.0 1257.0
2132.0 2181.0 2170.0 2247.0 2133.0 2063.0 2065.0 2129.0 2045.0 2086.0 2130.0 2120.0 2153.0 2204.0 2158.0 2144.0 2165.0 2200.0 2181.0 2123.0 2025.0 2156.0 2188.0 2135.0 2132.0 2146.0 2072.0 2037.0 2107.0 2155.0 2133.0 2186.0 2129.0 1977.0 2192.0 2118.0 2143.0 2151.0 2140.0 2130.0 2147.0 2159.0 2158.0 2166.0 2135.0 2117.0 2161.0 2153.0 2135.0 2122.0 2134.0 2136.0 2122.0 2113.0 2091.0 2079.0 2111.0 2109.0 2089.0 2100.0 2109.0 2102.0 2073.0 2018.0 1909.0 1831.0 1738.0 1701.0 1614.0 1532.0 1502.0 1448.0 1377.0 1323.0 1291.0 1239.0 1192.0 1165.0 1148.0 1116.0
1942.0 1908.0 2123.0 2247.0 2210.0 2128.0 2128.0 2229.0 2285.0 2215.0 2128.0 2107.0 2158.0 2072.0 2095.0 2184.0 2242.0 2194.0 2130.0 2130.0 1983.0 2182.0 2216.0 2102.0 2079.0 2090.0 2075.0 2098.0 2132.0 2138.0 2104.0 2186.0 2023.0 2003.0 2044.0 2121.0 2138.0 2168.0 2191.0 2165.0 2174.0 2160.0 2143.0 2163.0 2185.0 2186.0 2179.0 2167.0 2136.0 2133.0 2138.0 2142.0 2126.0 2136.0 2111.0 2142.0 2181.0 2118.0 2130.0 2119.0 2115.0 2097.0 2079.0 2040.0 1919.0 1845.0 1735.0 1678.0 1600.0 1535.0 1501.0 1418.0 1376.0 1327.0 1286.0 1234.0 1191.0 1168.0 1146.0 1099.0
2118.0 2016.0 2125.0 2039.0 2079.0 2099.0 2070.0 2260.0 2183.0 2212.0 2202.0 2155.0 2259.0 2063.0 2128.0 2154.0 2147.0 2149.0 2200.0 2125.0 2070.0 2176.0 2153.0 2083.0 2076.0 2086.0 2074.0 2066.0 2077.0 2161.0 2129.0 2139.0 2130.0 2062.0 2054.0 2110.0 2138.0 2102.0 2139.0 2164.0 2156.0 2164.0 2147.0 2138.0 2136.0 2137.0 2109.0 2118.0 2205.0 2205.0 2167.0 2126.0 2115.0 2129.0 2156.0 2171.0 2182.0 2121.0 2109.0 2104.0 2103.0 2095.0 2052.0 2004.0 1925.0 1855.0 1737.0 1682.0 1603.0 1531.0 1501.0 1425.0 1375.0 1329.0 1286.0 1237.0 1192.0 1164.0 1145.0 1097.0
2063.0 2026.0 1969.0 2147.0 2236.0 2207.0 2135.0 1989.0 1997.0 2114.0 2204.0 2246.0 2420.0 2180.0 2186.0 2114.0 2072.0 2144.0 2207.0 2127.0 2061.0 2074.0 2079.0 2060.0 2059.0 2124.0 2152.0 2037.0 2014.0 2127.0 1988.0 2080.0 2022.0 1971.0 2043.0 2086.0 2139.0 2166.0 2172.0 2119.0 2143.0 2137.0 2140.0 2170.0 2139.0 2093.0 2136.0 2126.0 2094.0 2131.0 2131.0 2137.0 2122.0 2138.0 2167.0 2141.0 2102.0 2115.0 2130.0 2054.0 2051.0 2101.0 2070.0 1994.0 1927.0 1860.0 1732.0 1670.0 1583.0 1523.0 1493.0 1423.0 1374.0 1326.0 1286.0 1228.0 1189.0 1165.0 1145.0 1094.0
1942.0 1983.0 1996.0 2095.0 2083.0 2115.0 2185.0 2128.0 2088.0 2173.0 2203.0 2196.0 2180.0 2220.0 2166.0 2130.0 2138.0 2150.0 2115.0 2018.0 2067.0 2040.0 2146.0 2077.0 2071.0 2147.0 2154.0 2103.0 2107.0 2122.0 1987.0 1960.0 1948.0 1962.0 2032.0 2105.0 2136.0 2094.0 2032.0 2162.0 2153.0 2144.0 2143.0 2146.0 2104.0 2113.0 2142.0 2148.0 2145.0 2141.0 2134.0 2132.0 2148.0 2132.0 2100.0 2080.0 2070.0 2121.0 2129.0 2100.0 2046.0 2079.0 2068.0 2005.0 1943.0 1869.0 1730.0 1676.0 1599.0 1533.0 1502.0 1434.0 1374.0 1330.0 1288.0 1234.0 1189.0 1158.0 1141.0 1095.0
1850.0 1895.0 2012.0 2098.0 2047.0 2005.0 2109.0 2232.0 2172.0 2210.0 2200.0 2159.0 2166.0 2067.0 2096.0 2048.0 2091.0 2162.0 2093.0 1926.0 2127.0 2062.0 2106.0 2080.0 2068.0 2075.0 2075.0 2078.0 2103.0 2091.0 1859.0 1863.0 1934.0 1884.0 1919.0 2079.0 2126.0 2071.0 2032.0 2091.0 2103.0 2163.0 2204.0 2165.0 2120.0 2085.0 2136.0 2173.0 2099.0 2107.0 2118.0 2141.0 2120.0 2092.0 2090.0 2100.0 2109.0 2128.0 2130.0 2128.0 2105.0 2103.0 2080.0 2033.0 1945.0 1848.0 1732.0 1681.0 1602.0 1540.0 1488.0 1407.0 1376.0 1339.0 1275.0 1203.0 1183.0 1160.0 1143.0 1093.0
1850.0 2017.0 2108.0 2086.0 2104.0 2204.0 2198.0 2125.0 2074.0 1945.0 1942.0 1936.0 1941.0 2048.0 2049.0 2049.0 2153.0 2171.0 2112.0 2110.0 2071.0 2066.0 2038.0 2088.0 2074.0 2039.0 2054.0 2069.0 2015.0 1868.0 1738.0 1747.0 1793.0 1879.0 2026.0 2062.0 1895.0 1857.0 1880.0 2088.0 2106.0 2140.0 2203.0 2167.0 2110.0 2106.0 2159.0 2187.0 2137.0 2129.0 2115.0 2070.0 2114.0 2113.0 2095.0 2110.0 2059.0 2035.0 2027.0 2048.0 2098.0 2125.0 2079.0 1996.0 1946.0 1835.0 1725.0 1687.0 1603.0 1525.0 1485.0 1412.0 1362.0 1334.0 1282.0 1228.0 1184.0 1153.0 1138.0 1082.0
2032.0 2172.0 2119.0 2054.0 2094.0 2209.0 2144.0 1991.0 2085.0 2169.0 1996.0 2004.0 2171.0 1984.0 2169.0 2059.0 2150.0 2147.0 2107.0 2181.0 2055.0 2009.0 2072.0 2160.0 2103.0 2038.0 2050.0 2037.0 1818.0 1699.0 1734.0 1742.0 1781.0 1884.0 2028.0 2038.0 1878.0 1871.0 1880.0 2090.0 2123.0 2117.0 2134.0 2112.0 2134.0 2120.0 2177.0 2204.0 2139.0 2133.0 2078.0 2054.0 2120.0 2130.0 2084.0 2062.0 2075.0 2033.0 2030.0 2049.0 2046.0 2089.0 2093.0 2057.0 1960.0 1839.0 1727.0 1674.0 1582.0 1492.0 1477.0 1405.0 1366.0 1337.0 1275.0 1190.0 1169.0 1143.0 1129.0 1079.0
2136.0 2051.0 2016.0 2055.0 2098.0 2276.0 2141.0 1975.0 2086.0 1959.0 1962.0 2027.0 2064.0 1982.0 1964.0 1981.0 2073.0 2045.0 2065.0 2182.0 2173.0 2057.0 2063.0 2035.0 2034.0 2037.0 2008.0 1778.0 1671.0 1670.0 1728.0 1735.0 1786.0 1952.0 2021.0 2030.0 1872.0 1900.0 1889.0 1898.0 2062.0 2120.0 2073.0 2048.0 2091.0 2113.0 2171.0 2196.0 2179.0 2137.0 2078.0 2128.0 2137.0 2122.0 2113.0 2168.0 2172.0 2079.0 2026.0 2042.0 2068.0 2053.0 2017.0 2005.0 2046.0 1903.0 1730.0 1689.0 1603.0 1493.0 1451.0 1401.0 1365.0 1337.0 1258.0 1194.0 1168.0 1144.0 1127.0 1074.0
2019.0 1736.0 1887.0 2110.0 2282.0 2276.0 2076.0 1992.0 2070.0 1929.0 2002.0 2036.0 2043.0 1984.0 2046.0 1983.0 1985.0 2041.0 2072.0 2104.0 2117.0 2052.0 1978.0 2030.0 2033.0 2053.0 1909.0 1646.0 1635.0 1666.0 1676.0 1706.0 1788.0 2076.0 1886.0 1978.0 1873.0 1896.0 1878.0 1632.0 1632.0 1865.0 2002.0 2094.0 2097.0 2090.0 2118.0 2143.0 2113.0 2079.0 2085.0 2129.0 2102.0 2092.0 2117.0 2130.0 2130.0 2085.0 2080.0 2136.0 2132.0 2114.0 2076.0 1992.0 2049.0 2043.0 1739.0 1684.0 1609.0 1540.0 1465.0 1399.0 1369.0 1343.0 1258.0 1200.0 1173.0 1144.0 1124.0 1074.0
2030.0 1926.0 2103.0 2060.0 1715.0 1867.0 1967.0 2012.0 1931.0 1940.0 1961.0 1941.0 1941.0 1998.0 1961.0 2152.0 2146.0 2215.0 2140.0 1911.0 1864.0 2136.0 2095.0 2151.0 2018.0 1784.0 1668.0 1646.0 1635.0 1640.0 1665.0 1704.0 1803.0 2076.0 1800.0 1807.0 1841.0 1882.0 1875.0 1554.0 1396.0 1626.0 1986.0 2135.0 2120.0 2101.0 2119.0 2124.0 2124.0 2135.0 2084.0 2033.0 2041.0 2005.0 2001.0 2117.0 2138.0 2090.0 2108.0 2138.0 2149.0 2066.0 2063.0 2045.0 1974.0 2052.0 2039.0 1832.0 1612.0 1498.0 1480.0 1406.0 1359.0 1338.0 1260.0 1210.0 1169.0 1142.0 1124.0 1075.0
2003.0 1941.0 2026.0 2014.0 2065.0 2119.0 2141.0 2014.0 1862.0 1924.0 1961.0 2001.0 2082.0 2149.0 2157.0 1978.0 1973.0 2151.0 2075.0 2065.0 2170.0 2052.0 1979.0 2007.0 1527.0 1433.0 1508.0 1511.0 1519.0 1626.0 1658.0 1679.0 1771.0 1862.0 1877.0 1783.0 1773.0 1861.0 1754.0 1540.0 1364.0 1531.0 1975.0 2136.0 2124.0 2144.0 2138.0 2114.0 2126.0 2134.0 2055.0 2034.0 2097.0 2006.0 2005.0 2143.0 2174.0 2095.0 2051.0 2088.0 2100.0 2081.0 2045.0 1964.0 2024.0 2052.0 1889.0 1829.0 1623.0 1485.0 1435.0 1393.0 1360.0 1334.0 1261.0 1209.0 1168.0 1144.0 1124.0 1071.0
1838.0 1851.0 2047.0 2076.0 2068.0 2278.0 2275.0 2043.0 1929.0 1916.0 2070.0 2194.0 2184.0 2175.0 2156.0 1996.0 1946.0 2056.0 2108.0 2110.0 2107.0 2136.0 1934.0 1404.0 1358.0 1389.0 1378.0 1365.0 1433.0 1497.0 1524.0 1488.0 1451.0 1537.0 1796.0 1774.0 1773.0 1776.0 1580.0 1495.0 1359.0 1531.0 1977.0 2049.0 2063.0 2147.0 2164.0 2127.0 2123.0 2121.0 2083.0 2023.0 2002.0 2010.0 2115.0 2143.0 2115.0 2024.0 2012.0 2074.0 2054.0 2033.0 2054.0 1995.0 1945.0 1915.0 1889.0 1857.0 1833.0 1651.0 1431.0 1394.0 1358.0 1333.0 1248.0 1219.0 1170.0 1145.0 1124.0 1070.0
1826.0 1925.0 2079.0 2011.0 2027.0 2119.0 2072.0 1994.0 1860.0 1838.0 2036.0 2194.0 2183.0 2092.0 2037.0 2050.0 1996.0 2063.0 2107.0 2011.0 1864.0 1825.0 1428.0 1299.0 1264.0 1267.0 1261.0 1264.0 1296.0 1322.0 1337.0 1268.0 1242.0 1278.0 1340.0 1582.0 1772.0 1770.0 1581.0 1394.0 1383.0 1648.0 1980.0 2032.0 2027.0 2082.0 2123.0 2109.0 2087.0 2080.0 2085.0 2068.0 2072.0 2082.0 2081.0 2079.0 2047.0 2022.0 2049.0 2083.0 2051.0 2114.0 2164.0 2035.0 2011.0 2059.0 2045.0 1957.0 1871.0 1850.0 1590.0 1400.0 1355.0 1332.0 1240.0 1206.0 1171.0 1145.0 1123.0 1072.0
2048.0 2067.0 2040.0 2006.0 1886.0 1863.0 2268.0 2286.0 2105.0 1846.0 1954.0 2125.0 2185.0 2098.0 2008.0 1975.0 2074.0 2022.0 1981.0 1911.0 1629.0 1338.0 1295.0 1306.0 1358.0 1325.0 1378.0 1293.0 1296.0 1322.0 1338.0 1312.0 1292.0 1288.0 1345.0 1582.0 1751.0 1771.0 1582.0 1372.0 1394.0 1753.0 1980.0 2036.0 2048.0 2050.0 2077.0 2056.0 2040.0 2026.0 2079.0 2084.0 2103.0 2078.0 2101.0 2119.0 2048.0 2023.0 2028.0 2034.0 2051.0 2036.0 2030.0 2048.0 2047.0 2056.0 2052.0 1955.0 1850.0 1852.0 1672.0 1441.0 1353.0 1327.0 1243.0 1205.0 1166.0 1147.0 1124.0 1068.0
1831.0 1861.0 2080.0 2086.0 1886.0 1851.0 2296.0 2286.0 2158.0 1914.0 1831.0 2047.0 1899.0 1884.0 2023.0 1979.0 2028.0 1877.0 1863.0 1683.0 1296.0 1217.0 1236.0 1270.0 1264.0 1260.0 1265.0 1264.0 1271.0 1238.0 1244.0 1264.0 1260.0 1278.0 1303.0 1388.0 1628.0 1665.0 1582.0 1386.0 1388.0 1674.0 1973.0 1977.0 2117.0 2053.0 2082.0 2094.0 2049.0 2028.0 2033.0 2083.0 2095.0 2045.0 2024.0 2065.0 2048.0 2009.0 1999.0 2007.0 2015.0 2035.0 2031.0 2047.0 2043.0 2057.0 2049.0 1927.0 1799.0 1850.0 1890.0 1766.0 1548.0 1327.0 1239.0 1221.0 1160.0 1149.0 1125.0 1067.0
1805.0 1929.0 2074.0 2296.0 2034.0 1953.0 2082.0 2017.0 1924.0 1908.0 1951.0 2050.0 1899.0 2197.0 2192.0 1945.0 1942.0 2060.0 1863.0 1370.0 1193.0 1217.0 1233.0 1231.0 1226.0 1232.0 1249.0 1243.0 1231.0 1238.0 1244.0 1249.0 1241.0 1260.0 1290.0 1296.0 1600.0 1446.0 1303.0 1361.0 1410.0 1755.0 1977.0 1975.0 2108.0 2050.0 2106.0 2067.0 2074.0 2061.0 2011.0 2007.0 2000.0 2040.0 2019.0 2030.0 2046.0 2022.0 2029.0 2037.0 2015.0 2038.0 2055.0 2022.0 2012.0 2048.0 2034.0 1955.0 1852.0 1850.0 2014.0 2016.0 1718.0 1523.0 1237.0 1224.0 1154.0 1150.0 1121.0 1066.0
