2553.0 2553.0 2255.0 2254.0 2084.0 2078.0 2192.0 2329.0 2337.0 2332.0 2356.0 2524.0 2524.0 2310.0 2101.0 2104.0 2115.0 2098.0 2217.0 2344.0 2340.0 2219.0 2219.0 2228.0 2479.0 2334.0 2238.0 2258.0 2307.0 2365.0 2268.0 2224.0 2362.0 2289.0 2198.0 2266.0 2131.0 2286.0 2224.0 2212.0 2203.0 2193.0 2194.0 2171.0 2168.0 2061.0 1998.0 1999.0 2057.0 2206.0 2244.0 2264.0 2263.0 2248.0 2239.0 2254.0 2255.0 2246.0 2239.0 2264.0 2279.0 2274.0 2276.0 2272.0 2195.0 2200.0 2272.0 2267.0 2294.0 2268.0 2121.0 2103.0 2104.0 2074.0 2038.0 1989.0 1875.0 1868.0 1862.0 1762.0
2160.0 2422.0 2684.0 2422.0 2262.0 2179.0 2169.0 2200.0 2247.0 2174.0 2006.0 2385.0 2425.0 2368.0 2228.0 2284.0 2315.0 2326.0 2251.0 2305.0 2290.0 2264.0 2341.0 2364.0 2351.0 2277.0 2269.0 2283.0 2314.0 2290.0 2266.0 2216.0 2289.0 2252.0 2247.0 2234.0 2228.0 2231.0 2294.0 2196.0 2167.0 2197.0 2140.0 2191.0 2180.0 2128.0 2074.0 2054.0 2061.0 2172.0 2236.0 2251.0 2278.0 2273.0 2255.0 2296.0 2306.0 2264.0 2257.0 2268.0 2242.0 2237.0 2241.0 2226.0 2224.0 2226.0 2206.0 2201.0 2218.0 2218.0 2193.0 2126.0 2142.0 2112.0 2081.0 1972.0 1882.0 1858.0 1813.0 1755.0
2150.0 2124.0 2140.0 2180.0 2252.0 2317.0 2268.0 2162.0 2242.0 2268.0 2295.0 2529.0 2406.0 2245.0 2177.0 2300.0 2314.0 2420.0 2360.0 2314.0 2291.0 2270.0 2333.0 2481.0 2351.0 2261.0 2276.0 2101.0 2146.0 2255.0 2330.0 2369.0 2305.0 2253.0 2231.0 2262.0 2342.0 2264.0 2294.0 2196.0 2143.0 2205.0 2140.0 2184.0 2162.0 2136.0 2118.0 2069.0 2062.0 2199.0 2243.0 2230.0 2272.0 2260.0 2245.0 2295.0 2297.0 2259.0 2256.0 2262.0 2229.0 2222.0 2249.0 2233.0 2231.0 2232.0 2203.0 2194.0 2203.0 2197.0 2195.0 2148.0 2148.0 2117.0 2076.0 1923.0 1886.0 1854.0 1807.0 1728.0
2146.0 2208.0 2062.0 2117.0 2246.0 2430.0 2385.0 2161.0 2176.0 2389.0 2088.0 2293.0 2397.0 2294.0 2166.0 2296.0 2249.0 2309.0 2367.0 2336.0 2294.0 2265.0 2326.0 2336.0 2284.0 2198.0 2260.0 2232.0 2203.0 2247.0 2287.0 2268.0 2264.0 2292.0 2239.0 2262.0 2342.0 2269.0 2241.0 2255.0 2154.0 2206.0 2261.0 2179.0 2137.0 2148.0 2139.0 2105.0 2141.0 2194.0 2266.0 2262.0 2202.0 2219.0 2216.0 2225.0 2297.0 2258.0 2210.0 2257.0 2231.0 2219.0 2245.0 2206.0 2201.0 2249.0 2200.0 2178.0 2205.0 2189.0 2191.0 2157.0 2151.0 2119.0 2006.0 1928.0 1882.0 1793.0 1806.0 1717.0
2373.0 2405.0 2312.0 2334.0 2382.0 2430.0 2661.0 2467.0 2178.0 2271.0 2334.0 2384.0 2340.0 2255.0 2167.0 2121.0 2253.0 2256.0 2289.0 2312.0 2289.0 2257.0 2324.0 2481.0 2268.0 2248.0 2288.0 2288.0 2284.0 2274.0 2292.0 2276.0 2287.0 2281.0 2231.0 2224.0 2242.0 2214.0 2240.0 2244.0 2210.0 2205.0 2263.0 2197.0 2129.0 2130.0 2132.0 2149.0 2170.0 2158.0 2178.0 2185.0 2204.0 2239.0 2200.0 2189.0 2194.0 2245.0 2246.0 2248.0 2240.0 2222.0 2230.0 2226.0 2239.0 2248.0 2233.0 2248.0 2232.0 2212.0 2183.0 2142.0 2144.0 2111.0 2005.0 2004.0 1876.0 1787.0 1791.0 1726.0
2373.0 2406.0 2489.0 2499.0 2382.0 2046.0 2332.0 2467.0 2383.0 2386.0 2199.0 2384.0 2364.0 2221.0 2222.0 2121.0 2277.0 2304.0 2369.0 2359.0 2292.0 2241.0 2435.0 2333.0 2177.0 2253.0 2299.0 2231.0 2243.0 2259.0 2218.0 2241.0 2270.0 2250.0 2234.0 2237.0 2221.0 2176.0 2240.0 2222.0 2209.0 2209.0 2246.0 2227.0 2141.0 2134.0 2146.0 2176.0 2175.0 2151.0 2174.0 2179.0 2205.0 2233.0 2206.0 2195.0 2201.0 2211.0 2221.0 2185.0 2186.0 2249.0 2277.0 2243.0 2171.0 2179.0 2239.0 2249.0 2257.0 2190.0 2169.0 2160.0 2131.0 2117.0 2023.0 1987.0 1874.0 1796.0 1788.0 1753.0
2138.0 2215.0 2154.0 2118.0 2156.0 2134.0 2242.0 2303.0 2346.0 2523.0 2334.0 2301.0 2322.0 2278.0 2343.0 2288.0 2247.0 2232.0 2275.0 2324.0 2293.0 2254.0 2304.0 2257.0 2256.0 2221.0 2212.0 2231.0 2215.0 2217.0 2220.0 2215.0 2163.0 2191.0 2191.0 2258.0 2239.0 2171.0 2240.0 2230.0 2171.0 2204.0 2239.0 2234.0 2203.0 2161.0 2161.0 2180.0 2177.0 2158.0 2179.0 2225.0 2242.0 2225.0 2193.0 2193.0 2176.0 2160.0 2166.0 2188.0 2195.0 2216.0 2243.0 2206.0 2164.0 2163.0 2179.0 2169.0 2243.0 2250.0 2166.0 2163.0 2152.0 2114.0 2004.0 1954.0 1884.0 1811.0 1805.0 1765.0
2108.0 2405.0 2307.0 2126.0 2130.0 2280.0 2290.0 2290.0 2293.0 2380.0 2418.0 2302.0 2249.0 2376.0 2439.0 2252.0 2264.0 2295.0 2292.0 2310.0 2289.0 2238.0 2303.0 2216.0 2245.0 2225.0 2211.0 2215.0 2232.0 2262.0 2279.0 2236.0 2159.0 2190.0 2130.0 2241.0 2235.0 2179.0 2240.0 2246.0 2161.0 2173.0 2229.0 2234.0 2237.0 2230.0 2271.0 2234.0 2181.0 2180.0 2182.0 2187.0 2211.0 2221.0 2194.0 2188.0 2190.0 2194.0 2236.0 2239.0 2201.0 2233.0 2296.0 2309.0 2199.0 2238.0 2245.0 2126.0 2150.0 2222.0 2161.0 2156.0 2132.0 2054.0 2020.0 1970.0 1884.0 1840.0 1813.0 1749.0
2109.0 2222.0 2303.0 2232.0 2119.0 2306.0 2323.0 2240.0 2293.0 2280.0 2215.0 2191.0 2315.0 2638.0 2332.0 2254.0 2312.0 2261.0 2267.0 2344.0 2237.0 2169.0 2251.0 2275.0 2269.0 2258.0 2277.0 2282.0 2276.0 2261.0 2266.0 2213.0 2164.0 2258.0 2224.0 2220.0 2217.0 2215.0 2237.0 2241.0 2208.0 2180.0 2214.0 2201.0 2229.0 2192.0 2162.0 2175.0 2196.0 2212.0 2184.0 2183.0 2203.0 2215.0 2209.0 2192.0 2164.0 2159.0 2227.0 2193.0 2207.0 2271.0 2289.0 2267.0 2192.0 2162.0 2174.0 2156.0 2166.0 2262.0 2208.0 2192.0 2154.0 2090.0 2047.0 2010.0 1874.0 1838.0 1829.0 1755.0
1935.0 2088.0 2160.0 2233.0 2184.0 2277.0 2286.0 2233.0 2340.0 2304.0 2225.0 2191.0 2213.0 2227.0 2333.0 2243.0 2238.0 2241.0 2243.0 2321.0 2364.0 2224.0 2250.0 2253.0 2291.0 2273.0 2283.0 2281.0 2259.0 2245.0 2256.0 2188.0 2106.0 2249.0 2260.0 2129.0 2171.0 2197.0 2239.0 2224.0 2210.0 2204.0 2225.0 2211.0 2210.0 2169.0 2147.0 2191.0 2204.0 2206.0 2203.0 2223.0 2223.0 2214.0 2193.0 2178.0 2172.0 2202.0 2164.0 2174.0 2188.0 2163.0 2223.0 2253.0 2158.0 2161.0 2181.0 2162.0 2160.0 2184.0 2204.0 2172.0 2170.0 2109.0 2021.0 1958.0 1880.0 1858.0 1848.0 1780.0
2109.0 2103.0 2156.0 2150.0 2262.0 2278.0 2271.0 2285.0 2590.0 2279.0 2224.0 2297.0 2298.0 2270.0 2315.0 2246.0 2195.0 2207.0 2232.0 2194.0 2234.0 2230.0 2184.0 2242.0 2277.0 2274.0 2276.0 2261.0 2200.0 2222.0 2224.0 2191.0 2130.0 2173.0 2223.0 2110.0 2214.0 2148.0 2224.0 2254.0 2217.0 2225.0 2220.0 2236.0 2227.0 2178.0 2150.0 2180.0 2202.0 2208.0 2194.0 2195.0 2193.0 2160.0 2153.0 2180.0 2192.0 2228.0 2227.0 2163.0 2178.0 2194.0 2173.0 2179.0 2178.0 2162.0 2169.0 2124.0 2122.0 2160.0 2198.0 2213.0 2191.0 2102.0 1992.0 1934.0 1886.0 1869.0 1843.0 1761.0
2277.0 2223.0 2054.0 2029.0 2259.0 2320.0 2322.0 2236.0 2481.0 2481.0 2291.0 2213.0 2239.0 2248.0 2439.0 2284.0 2224.0 2248.0 2267.0 2194.0 2238.0 2233.0 2171.0 2231.0 2206.0 2199.0 2216.0 2198.0 2166.0 2186.0 2177.0 2182.0 2197.0 2192.0 2129.0 2135.0 2211.0 2252.0 2235.0 2251.0 2215.0 2188.0 2150.0 2182.0 2217.0 2193.0 2185.0 2207.0 2192.0 2183.0 2187.0 2172.0 2178.0 2198.0 2187.0 2189.0 2232.0 2224.0 2166.0 2187.0 2198.0 2169.0 2175.0 2178.0 2151.0 2157.0 2171.0 2158.0 2154.0 2184.0 2165.0 2140.0 2124.0 2078.0 2032.0 1960.0 1880.0 1882.0 1815.0 1741.0
2379.0 2241.0 2052.0 2031.0 2198.0 2248.0 2204.0 2285.0 2338.0 2289.0 2229.0 2213.0 2224.0 2287.0 2326.0 2287.0 2206.0 2192.0 2257.0 2262.0 2248.0 2285.0 2168.0 2184.0 2193.0 2189.0 2190.0 2167.0 2168.0 2230.0 2248.0 2195.0 2197.0 2161.0 2199.0 2187.0 2228.0 2233.0 2200.0 2179.0 2173.0 2184.0 2158.0 2198.0 2222.0 2191.0 2154.0 2192.0 2197.0 2198.0 2211.0 2224.0 2231.0 2197.0 2171.0 2190.0 2231.0 2224.0 2225.0 2218.0 2194.0 2167.0 2170.0 2171.0 2175.0 2206.0 2181.0 2148.0 2160.0 2184.0 2197.0 2150.0 2093.0 2065.0 2022.0 1982.0 1884.0 1849.0 1809.0 1744.0
2284.0 2258.0 2316.0 2488.0 2360.0 2241.0 2207.0 2235.0 2106.0 2261.0 2298.0 2201.0 2225.0 2256.0 2251.0 2301.0 2239.0 2153.0 2226.0 2284.0 2213.0 2284.0 2179.0 2182.0 2207.0 2209.0 2235.0 2250.0 2225.0 2245.0 2238.0 2229.0 2119.0 2154.0 2227.0 2184.0 2172.0 2200.0 2205.0 2218.0 2210.0 2187.0 2203.0 2237.0 2220.0 2191.0 2209.0 2196.0 2198.0 2212.0 2191.0 2167.0 2182.0 2191.0 2181.0 2170.0 2231.0 2228.0 2166.0 2190.0 2192.0 2167.0 2167.0 2203.0 2217.0 2202.0 2171.0 2126.0 2142.0 2179.0 2182.0 2153.0 2110.0 2061.0 2029.0 1982.0 1886.0 1844.0 1809.0 1741.0
1917.0 1969.0 2246.0 2029.0 2127.0 2265.0 2362.0 2345.0 2132.0 2264.0 2359.0 2266.0 2298.0 2339.0 2247.0 2260.0 2241.0 2196.0 2229.0 2274.0 2217.0 2234.0 2217.0 2227.0 2232.0 2199.0 2203.0 2253.0 2196.0 2231.0 2224.0 2216.0 2250.0 2207.0 2196.0 2142.0 2214.0 2204.0 2194.0 2182.0 2200.0 2188.0 2145.0 2101.0 2113.0 2188.0 2203.0 2166.0 2181.0 2213.0 2204.0 2168.0 2184.0 2187.0 2162.0 2192.0 2231.0 2225.0 2222.0 2210.0 2195.0 2184.0 2174.0 2176.0 2216.0 2213.0 2168.0 2121.0 2110.0 2165.0 2160.0 2092.0 2089.0 2059.0 2025.0 1968.0 1881.0 1840.0 1809.0 1741.0
1917.0 2138.0 2314.0 2155.0 2198.0 2307.0 2357.0 2216.0 2120.0 2165.0 2286.0 2261.0 2303.0 2347.0 2312.0 2254.0 2235.0 2244.0 2218.0 2260.0 2252.0 2205.0 2213.0 2241.0 2256.0 2250.0 2192.0 2176.0 2217.0 2175.0 2169.0 2168.0 2250.0 2207.0 2137.0 2194.0 2193.0 2252.0 2183.0 2167.0 2181.0 2186.0 2173.0 2109.0 2118.0 2168.0 2160.0 2187.0 2181.0 2174.0 2185.0 2166.0 2173.0 2187.0 2180.0 2198.0 2232.0 2211.0 2169.0 2182.0 2194.0 2181.0 2168.0 2157.0 2145.0 2179.0 2159.0 2141.0 2148.0 2181.0 2177.0 2102.0 2104.0 2054.0 1972.0 1932.0 1859.0 1843.0 1811.0 1736.0
2229.0 2253.0 2167.0 2209.0 2186.0 2171.0 2205.0 2205.0 2149.0 2250.0 2253.0 2166.0 2154.0 2251.0 2313.0 2271.0 2212.0 2186.0 2160.0 2219.0 2252.0 2208.0 2215.0 2229.0 2242.0 2252.0 2234.0 2176.0 2168.0 2160.0 2211.0 2155.0 2251.0 2197.0 2145.0 2253.0 2191.0 2217.0 2225.0 2206.0 2175.0 2183.0 2160.0 2113.0 2147.0 2166.0 2150.0 2178.0 2184.0 2167.0 2154.0 2164.0 2159.0 2187.0 2173.0 2186.0 2193.0 2169.0 2163.0 2163.0 2154.0 2163.0 2158.0 2169.0 2142.0 2131.0 2151.0 2137.0 2150.0 2192.0 2202.0 2154.0 2110.0 2051.0 2015.0 1975.0 1877.0 1839.0 1811.0 1734.0
2274.0 2345.0 2318.0 2130.0 2143.0 2202.0 2166.0 2314.0 2311.0 2334.0 2324.0 2159.0 2142.0 2163.0 2249.0 2237.0 2173.0 2157.0 2237.0 2180.0 2241.0 2239.0 2209.0 2219.0 2235.0 2246.0 2239.0 2177.0 2121.0 2173.0 2240.0 2250.0 2130.0 2142.0 2141.0 2244.0 2186.0 2176.0 2154.0 2163.0 2181.0 2186.0 2194.0 2167.0 2152.0 2163.0 2166.0 2165.0 2139.0 2164.0 2154.0 2164.0 2179.0 2165.0 2154.0 2150.0 2172.0 2168.0 2169.0 2187.0 2155.0 2144.0 2159.0 2145.0 2140.0 2151.0 2140.0 2144.0 2149.0 2173.0 2176.0 2152.0 2108.0 2048.0 2020.0 1967.0 1865.0 1833.0 1811.0 1734.0
2260.0 2259.0 2242.0 2129.0 2153.0 2289.0 2248.0 2316.0 2293.0 2319.0 2360.0 2256.0 2272.0 2196.0 2236.0 2230.0 2214.0 2244.0 2224.0 2194.0 2269.0 2265.0 2242.0 2208.0 2196.0 2250.0 2240.0 2177.0 2203.0 2244.0 2231.0 2159.0 2197.0 2200.0 2198.0 2197.0 2189.0 2196.0 2189.0 2156.0 2175.0 2180.0 2136.0 2152.0 2170.0 2170.0 2149.0 2163.0 2171.0 2160.0 2136.0 2165.0 2180.0 2139.0 2150.0 2153.0 2158.0 2186.0 2174.0 2171.0 2155.0 2137.0 2167.0 2180.0 2149.0 2174.0 2166.0 2154.0 2150.0 2150.0 2130.0 2058.0 2055.0 2048.0 2026.0 1967.0 1860.0 1831.0 1813.0 1736.0
2228.0 2142.0 2078.0 2130.0 2184.0 2225.0 2324.0 2215.0 2114.0 2158.0 2290.0 2272.0 2252.0 2199.0 2185.0 2111.0 2079.0 2122.0 2257.0 2237.0 2172.0 2178.0 2208.0 2210.0 2187.0 2157.0 2182.0 2184.0 2129.0 2170.0 2206.0 2251.0 2186.0 2217.0 2145.0 2152.0 2183.0 2185.0 2161.0 2155.0 2175.0 2153.0 2107.0 2112.0 2151.0 2117.0 2120.0 2180.0 2203.0 2164.0 2115.0 2155.0 2172.0 2164.0 2165.0 2174.0 2177.0 2152.0 2167.0 2174.0 2126.0 2114.0 2149.0 2173.0 2120.0 2128.0 2147.0 2147.0 2153.0 2172.0 2124.0 2044.0 2052.0 2046.0 2027.0 1964.0 1879.0 1834.0 1809.0 1730.0
2259.0 2185.0 2158.0 2199.0 2209.0 2199.0 2244.0 2212.0 2104.0 2101.0 2210.0 2164.0 2151.0 2186.0 2184.0 2234.0 2269.0 2190.0 2135.0 2196.0 2146.0 2182.0 2157.0 2156.0 2190.0 2214.0 2176.0 2225.0 2243.0 2171.0 2210.0 2157.0 2160.0 2182.0 2131.0 2150.0 2188.0 2192.0 2181.0 2155.0 2160.0 2149.0 2133.0 2114.0 2130.0 2123.0 2093.0 2112.0 2136.0 2109.0 2109.0 2133.0 2152.0 2141.0 2156.0 2142.0 2076.0 2072.0 2146.0 2155.0 2121.0 2118.0 2128.0 2126.0 2127.0 2123.0 2120.0 2138.0 2146.0 2146.0 2152.0 2111.0 2060.0 2033.0 2018.0 1961.0 1891.0 1825.0 1790.0 1728.0
2345.0 2339.0 2324.0 2295.0 2271.0 2201.0 2311.0 2311.0 2296.0 2183.0 2069.0 2167.0 2260.0 2195.0 2292.0 2281.0 2197.0 2248.0 2252.0 2198.0 2239.0 2158.0 2188.0 2205.0 2187.0 2159.0 2170.0 2185.0 2105.0 2124.0 2200.0 2170.0 2153.0 2181.0 2141.0 2150.0 2150.0 2189.0 2192.0 2155.0 2139.0 2130.0 2138.0 2141.0 2110.0 2109.0 2092.0 2090.0 2113.0 2126.0 2132.0 2143.0 2170.0 2157.0 2137.0 2099.0 2071.0 2082.0 2099.0 2111.0 2119.0 2132.0 2118.0 2117.0 2115.0 2107.0 2105.0 2098.0 2084.0 2124.0 2130.0 2072.0 2053.0 2021.0 1977.0 1958.0 1892.0 1795.0 1783.0 1732.0
2342.0 2340.0 2167.0 2145.0 2128.0 2131.0 2130.0 2228.0 2306.0 2297.0 2072.0 2050.0 2162.0 2193.0 2236.0 2251.0 2227.0 2212.0 2129.0 2199.0 2127.0 2157.0 2230.0 2222.0 2209.0 2237.0 2224.0 2241.0 2151.0 2152.0 2111.0 2160.0 2195.0 2181.0 2194.0 2196.0 2143.0 2146.0 2191.0 2144.0 2097.0 2117.0 2133.0 2141.0 2130.0 2121.0 2138.0 2129.0 2129.0 2137.0 2111.0 2123.0 2175.0 2162.0 2146.0 2129.0 2119.0 2133.0 2090.0 2106.0 2117.0 2126.0 2103.0 2116.0 2108.0 2095.0 2101.0 2093.0 2094.0 2132.0 2109.0 2098.0 2060.0 1988.0 1958.0 1963.0 1902.0 1801.0 1787.0 1737.0
2137.0 2337.0 2152.0 2161.0 2202.0 2165.0 2142.0 2176.0 2188.0 2266.0 2400.0 2281.0 2178.0 2187.0 2340.0 2310.0 2203.0 2251.0 2257.0 2223.0 2160.0 2177.0 2182.0 2180.0 2184.0 2238.0 2258.0 2255.0 2239.0 2141.0 2110.0 2179.0 2135.0 2174.0 2227.0 2199.0 2149.0 2119.0 2147.0 2145.0 2118.0 2133.0 2135.0 2138.0 2138.0 2122.0 2139.0 2164.0 2128.0 2110.0 2106.0 2093.0 2145.0 2136.0 2126.0 2137.0 2116.0 2131.0 2093.0 2094.0 2114.0 2126.0 2127.0 2126.0 2121.0 2127.0 2130.0 2101.0 2115.0 2112.0 2102.0 2102.0 2059.0 1981.0 1963.0 1953.0 1895.0 1794.0 1781.0 1728.0
2353.0 2341.0 2242.0 2294.0 2261.0 2140.0 1937.0 2176.0 2234.0 2248.0 2332.0 2172.0 2285.0 2332.0 2344.0 2268.0 2244.0 2247.0 2263.0 2206.0 2249.0 2200.0 2186.0 2189.0 2171.0 2161.0 2216.0 2196.0 2108.0 2174.0 2124.0 2157.0 2142.0 2172.0 2148.0 2189.0 2147.0 2104.0 2114.0 2140.0 2151.0 2142.0 2127.0 2130.0 2113.0 2124.0 2139.0 2146.0 2119.0 2117.0 2102.0 2084.0 2102.0 2117.0 2131.0 2135.0 2116.0 2115.0 2096.0 2078.0 2111.0 2132.0 2129.0 2122.0 2133.0 2136.0 2122.0 2097.0 2084.0 2086.0 2096.0 2095.0 2065.0 1997.0 1971.0 1943.0 1901.0 1810.0 1779.0 1720.0
2113.0 2175.0 2188.0 2176.0 2126.0 2103.0 2194.0 2311.0 2297.0 2197.0 2186.0 2276.0 2240.0 2192.0 2230.0 2251.0 2234.0 2290.0 2264.0 2275.0 2247.0 2178.0 2180.0 2179.0 2166.0 2168.0 2204.0 2245.0 2205.0 2119.0 2123.0 2186.0 2149.0 2161.0 2138.0 2145.0 2150.0 2134.0 2154.0 2187.0 2188.0 2145.0 2109.0 2085.0 2103.0 2118.0 2135.0 2133.0 2114.0 2127.0 2114.0 2120.0 2106.0 2116.0 2127.0 2097.0 2110.0 2100.0 2086.0 2076.0 2112.0 2127.0 2117.0 2126.0 2139.0 2133.0 2100.0 2093.0 2082.0 2087.0 2078.0 2072.0 2066.0 1992.0 1973.0 1948.0 1902.0 1813.0 1782.0 1725.0
2358.0 2196.0 2151.0 2177.0 2197.0 2165.0 2099.0 2190.0 2231.0 2181.0 2120.0 2284.0 2215.0 2236.0 2269.0 2260.0 2236.0 2202.0 2259.0 2210.0 2249.0 2183.0 2183.0 2182.0 2168.0 2195.0 2203.0 2218.0 2201.0 2153.0 2123.0 2198.0 2133.0 2124.0 2151.0 2145.0 2158.0 2134.0 2143.0 2199.0 2190.0 2146.0 2113.0 2082.0 2099.0 2108.0 2103.0 2103.0 2105.0 2107.0 2110.0 2123.0 2134.0 2136.0 2110.0 2090.0 2112.0 2122.0 2087.0 2113.0 2148.0 2141.0 2133.0 2145.0 2110.0 2091.0 2092.0 2094.0 2088.0 2094.0 2087.0 2097.0 2081.0 1994.0 1984.0 1955.0 1901.0 1876.0 1859.0 1776.0
2142.0 2267.0 2130.0 2122.0 2195.0 2222.0 2096.0 2181.0 2205.0 2194.0 2221.0 2161.0 2288.0 2290.0 2274.0 2284.0 2286.0 2223.0 2211.0 2206.0 2251.0 2179.0 2182.0 2199.0 2177.0 2193.0 2199.0 2190.0 2165.0 2174.0 2122.0 2189.0 2139.0 2146.0 2139.0 2140.0 2161.0 2131.0 2114.0 2151.0 2147.0 2131.0 2130.0 2130.0 2108.0 2110.0 2095.0 2099.0 2103.0 2107.0 2101.0 2095.0 2122.0 2108.0 2086.0 2099.0 2119.0 2121.0 2097.0 2118.0 2159.0 2160.0 2146.0 2142.0 2094.0 2094.0 2088.0 2093.0 2096.0 2076.0 2073.0 2100.0 2076.0 1989.0 1976.0 1957.0 1908.0 1877.0 1858.0 1784.0
2112.0 2180.0 2215.0 2185.0 2149.0 2267.0 2194.0 2198.0 2169.0 2166.0 2247.0 2208.0 2231.0 2208.0 2243.0 2265.0 2273.0 2293.0 2177.0 2209.0 2221.0 2166.0 2177.0 2203.0 2213.0 2204.0 2164.0 2188.0 2197.0 2175.0 2179.0 2169.0 2141.0 2180.0 2157.0 2150.0 2161.0 2136.0 2109.0 2119.0 2131.0 2123.0 2125.0 2130.0 2116.0 2120.0 2128.0 2108.0 2098.0 2119.0 2101.0 2109.0 2104.0 2059.0 2078.0 2096.0 2113.0 2094.0 2097.0 2117.0 2152.0 2149.0 2130.0 2128.0 2109.0 2121.0 2104.0 2126.0 2117.0 2076.0 2032.0 1983.0 1990.0 1991.0 1972.0 1916.0 1884.0 1818.0 1786.0 1775.0
2246.0 2174.0 2147.0 2127.0 2128.0 2223.0 2198.0 2200.0 2125.0 2071.0 2190.0 2216.0 2189.0 2189.0 2182.0 2175.0 2226.0 2287.0 2159.0 2185.0 2217.0 2185.0 2179.0 2189.0 2213.0 2207.0 2143.0 2152.0 2174.0 2168.0 2179.0 2172.0 2147.0 2163.0 2153.0 2161.0 2162.0 2139.0 2118.0 2120.0 2129.0 2119.0 2110.0 2118.0 2115.0 2113.0 2129.0 2119.0 2105.0 2121.0 2101.0 2122.0 2111.0 2061.0 2080.0 2090.0 2104.0 2086.0 2096.0 2115.0 2124.0 2116.0 2081.0 2115.0 2127.0 2124.0 2111.0 2133.0 2111.0 2065.0 2027.0 1967.0 1968.0 1975.0 1872.0 1827.0 1862.0 1810.0 1769.0 1732.0
2246.0 2098.0 2082.0 2097.0 2124.0 2093.0 2192.0 2199.0 2177.0 2171.0 2136.0 2212.0 2196.0 2189.0 2183.0 2185.0 2243.0 2186.0 2184.0 2133.0 2231.0 2217.0 2194.0 2192.0 2209.0 2205.0 2165.0 2146.0 2191.0 2170.0 2128.0 2186.0 2145.0 2136.0 2132.0 2153.0 2163.0 2140.0 2098.0 2106.0 2129.0 2117.0 2109.0 2118.0 2108.0 2111.0 2107.0 2103.0 2125.0 2124.0 2106.0 2121.0 2097.0 2063.0 2080.0 2096.0 2106.0 2098.0 2101.0 2114.0 2110.0 2109.0 2086.0 2082.0 2097.0 2117.0 2100.0 2088.0 2090.0 2053.0 2033.0 1971.0 1955.0 1964.0 1873.0 1873.0 1870.0 1812.0 1765.0 1728.0
2239.0 2092.0 2135.0 2238.0 2249.0 2093.0 2179.0 2204.0 2273.0 2318.0 2221.0 2224.0 2188.0 2192.0 2257.0 2293.0 2279.0 2184.0 2188.0 2135.0 2205.0 2204.0 2198.0 2197.0 2212.0 2209.0 2173.0 2187.0 2206.0 2166.0 2172.0 2181.0 2145.0 2136.0 2132.0 2151.0 2165.0 2139.0 2042.0 2052.0 2129.0 2117.0 2114.0 2123.0 2108.0 2112.0 2093.0 2101.0 2105.0 2103.0 2106.0 2122.0 2100.0 2109.0 2104.0 2106.0 2105.0 2104.0 2102.0 2114.0 2123.0 2112.0 2110.0 2066.0 2077.0 2122.0 2103.0 2088.0 2089.0 2074.0 2076.0 1975.0 1958.0 1972.0 1979.0 1955.0 1867.0 1803.0 1787.0 1738.0
2315.0 2200.0 2222.0 2356.0 2458.0 2263.0 2142.0 2201.0 2271.0 2265.0 2229.0 2134.0 2162.0 2192.0 2253.0 2263.0 2217.0 2275.0 2144.0 2180.0 2183.0 2159.0 2165.0 2183.0 2209.0 2209.0 2165.0 2184.0 2195.0 2140.0 2175.0 2168.0 2154.0 2139.0 2153.0 2158.0 2171.0 2144.0 2075.0 2090.0 2127.0 2117.0 2111.0 2120.0 2120.0 2102.0 2092.0 2107.0 2103.0 2094.0 2090.0 2122.0 2121.0 2119.0 2118.0 2108.0 2102.0 2100.0 2101.0 2097.0 2137.0 2115.0 2079.0 2069.0 2093.0 2124.0 2100.0 2092.0 2083.0 2067.0 2077.0 1979.0 1973.0 1999.0 1987.0 1900.0 1798.0 1792.0 1774.0 1739.0
2065.0 2290.0 2234.0 2239.0 2253.0 2246.0 2150.0 2215.0 2273.0 2258.0 2145.0 2097.0 2150.0 2185.0 2198.0 2184.0 2145.0 2202.0 2145.0 2163.0 2213.0 2146.0 2142.0 2188.0 2209.0 2158.0 2137.0 2164.0 2193.0 2156.0 2124.0 2180.0 2148.0 2160.0 2177.0 2147.0 2160.0 2148.0 2113.0 2116.0 2126.0 2116.0 2109.0 2119.0 2117.0 2112.0 2120.0 2103.0 2114.0 2100.0 2071.0 2076.0 2117.0 2114.0 2120.0 2112.0 2102.0 2104.0 2105.0 2094.0 2120.0 2109.0 2073.0 2063.0 2091.0 2119.0 2089.0 2069.0 2073.0 2100.0 2077.0 1971.0 1968.0 1989.0 1972.0 1844.0 1791.0 1789.0 1768.0 1733.0
2211.0 2295.0 2381.0 2356.0 2340.0 2447.0 2166.0 2204.0 2292.0 2325.0 2197.0 2134.0 2271.0 2260.0 2219.0 2191.0 2138.0 2157.0 2289.0 2194.0 2170.0 2163.0 2164.0 2185.0 2186.0 2152.0 2198.0 2252.0 2140.0 2155.0 2156.0 2265.0 2149.0 2154.0 2169.0 2128.0 2134.0 2146.0 2160.0 2163.0 2124.0 2107.0 2114.0 2129.0 2106.0 2114.0 2141.0 2124.0 2131.0 2097.0 2078.0 2080.0 2125.0 2119.0 2122.0 2114.0 2103.0 2111.0 2107.0 2096.0 2102.0 2094.0 2073.0 2069.0 2092.0 2116.0 2088.0 2071.0 2082.0 2111.0 2078.0 1984.0 1967.0 1972.0 1967.0 1900.0 1867.0 1835.0 1811.0 1736.0
2070.0 2345.0 2354.0 2107.0 2053.0 2198.0 1986.0 2107.0 2124.0 2115.0 2100.0 2136.0 2255.0 2198.0 2234.0 2243.0 2204.0 2274.0 2289.0 2174.0 2150.0 2193.0 2181.0 2176.0 2183.0 2183.0 2210.0 2220.0 2147.0 2156.0 2171.0 2266.0 2151.0 2158.0 2174.0 2143.0 2138.0 2152.0 2171.0 2170.0 2124.0 2107.0 2115.0 2122.0 2092.0 2099.0 2138.0 2169.0 2157.0 2124.0 2096.0 2121.0 2125.0 2113.0 2104.0 2118.0 2114.0 2114.0 2105.0 2093.0 2098.0 2078.0 2070.0 2079.0 2109.0 2124.0 2083.0 2063.0 2071.0 2057.0 2078.0 2042.0 1987.0 2011.0 1983.0 1906.0 1874.0 1859.0 1814.0 1736.0
2222.0 1794.0 2112.0 2139.0 2253.0 2447.0 2253.0 2132.0 2124.0 2240.0 2225.0 2101.0 2250.0 2268.0 2215.0 2208.0 2240.0 2203.0 2235.0 2158.0 2283.0 2306.0 2191.0 2221.0 2305.0 2206.0 2189.0 2191.0 2195.0 2125.0 2169.0 2124.0 2114.0 2155.0 2113.0 2141.0 2145.0 2150.0 2129.0 2107.0 2111.0 2114.0 2124.0 2125.0 2130.0 2125.0 2135.0 2166.0 2155.0 2136.0 2091.0 2122.0 2125.0 2116.0 2107.0 2124.0 2119.0 2113.0 2103.0 2086.0 2092.0 2077.0 2075.0 2073.0 2092.0 2125.0 2084.0 2049.0 2008.0 2034.0 2077.0 2053.0 2016.0 2000.0 1955.0 1904.0 1887.0 1858.0 1813.0 1735.0
2115.0 2105.0 2417.0 2399.0 2339.0 2337.0 2226.0 2235.0 2135.0 2115.0 2235.0 2256.0 2265.0 2307.0 2359.0 2285.0 2241.0 2174.0 2140.0 2212.0 2286.0 2172.0 2160.0 2193.0 2186.0 2159.0 2174.0 2150.0 2221.0 2155.0 2182.0 2162.0 2106.0 2150.0 2145.0 2185.0 2181.0 2169.0 2158.0 2124.0 2119.0 2121.0 2131.0 2136.0 2140.0 2129.0 2117.0 2110.0 2121.0 2137.0 2110.0 2085.0 2078.0 2108.0 2118.0 2117.0 2124.0 2134.0 2120.0 2086.0 2094.0 2086.0 2070.0 2050.0 1967.0 1996.0 2032.0 2018.0 1999.0 2003.0 2029.0 1976.0 1981.0 1966.0 1923.0 1895.0 1876.0 1828.0 1789.0 1724.0
2146.0 2301.0 2370.0 2269.0 2184.0 2185.0 2231.0 2119.0 2176.0 2288.0 2230.0 2158.0 2205.0 2171.0 2174.0 2221.0 2239.0 2161.0 2144.0 2204.0 2239.0 2203.0 2173.0 2197.0 2182.0 2141.0 2146.0 2145.0 2139.0 2157.0 2066.0 2138.0 2151.0 2151.0 2095.0 2179.0 2135.0 2165.0 2156.0 2114.0 2105.0 2114.0 2128.0 2128.0 2138.0 2123.0 2134.0 2118.0 2091.0 2122.0 2114.0 2081.0 2071.0 2090.0 2100.0 2090.0 2112.0 2114.0 2121.0 2095.0 2092.0 2070.0 2057.0 2007.0 1939.0 1775.0 1825.0 1814.0 1808.0 1811.0 1799.0 1794.0 1800.0 1777.0 1769.0 1773.0 1761.0 1713.0 1747.0 1712.0
2221.0 2195.0 2188.0 2115.0 2095.0 2103.0 2127.0 2130.0 2193.0 2290.0 2334.0 2256.0 2247.0 2196.0 2162.0 2182.0 2242.0 2229.0 2240.0 2217.0 2233.0 2301.0 2273.0 2285.0 2306.0 2173.0 2153.0 2189.0 2141.0 2154.0 2157.0 2092.0 2119.0 2156.0 2106.0 2171.0 2180.0 2170.0 2163.0 2106.0 2056.0 2110.0 2122.0 2086.0 2083.0 2092.0 2092.0 2096.0 2114.0 2105.0 2095.0 2083.0 2080.0 2103.0 2117.0 2115.0 2101.0 2079.0 2089.0 2089.0 2086.0 2065.0 2053.0 2003.0 1930.0 1745.0 1688.0 1641.0 1570.0 1629.0 1614.0 1606.0 1613.0 1606.0 1600.0 1599.0 1596.0 1595.0 1590.0 1596.0
2275.0 2288.0 2283.0 2153.0 2093.0 2092.0 2100.0 2151.0 2181.0 2274.0 2334.0 2156.0 2317.0 2270.0 2169.0 2193.0 2244.0 2160.0 2095.0 2196.0 2220.0 2211.0 2271.0 2203.0 2131.0 2123.0 2097.0 2144.0 2143.0 2092.0 2150.0 2106.0 2194.0 2098.0 2201.0 2184.0 2115.0 2139.0 2149.0 2135.0 2109.0 2124.0 2132.0 2110.0 2108.0 2098.0 2080.0 2084.0 2093.0 2087.0 2116.0 2126.0 2115.0 2091.0 2108.0 2092.0 2106.0 2103.0 2092.0 2078.0 2087.0 2076.0 2039.0 1992.0 1901.0 1744.0 1680.0 1637.0 1530.0 1491.0 1455.0 1428.0 1468.0 1456.0 1452.0 1453.0 1448.0 1452.0 1456.0 1445.0
2275.0 2344.0 2414.0 2260.0 2176.0 2188.0 2219.0 2239.0 2160.0 2165.0 2236.0 2157.0 2315.0 2193.0 2204.0 2204.0 2186.0 2228.0 2104.0 2242.0 2125.0 2146.0 2162.0 2174.0 2183.0 2143.0 2102.0 2211.0 2214.0 2140.0 2214.0 2197.0 2096.0 2085.0 2190.0 2203.0 2184.0 2167.0 2159.0 2140.0 2124.0 2152.0 2142.0 2125.0 2133.0 2113.0 2091.0 2120.0 2088.0 2058.0 2054.0 2097.0 2108.0 2092.0 2101.0 2091.0 2103.0 2103.0 2121.0 2088.0 2088.0 2105.0 2049.0 1991.0 1889.0 1742.0 1691.0 1639.0 1528.0 1466.0 1437.0 1387.0 1330.0 1287.0 1271.0 1304.0 1302.0 1304.0 1307.0 1254.0
2026.0 2186.0 2277.0 2197.0 2179.0 2198.0 2227.0 2240.0 2173.0 2151.0 2128.0 2016.0 2304.0 2179.0 2200.0 2186.0 2176.0 2198.0 2149.0 2368.0 2125.0 2243.0 2158.0 2159.0 2134.0 2129.0 2169.0 2212.0 2193.0 2142.0 2146.0 2137.0 2194.0 2149.0 2195.0 2173.0 2114.0 2092.0 2076.0 2102.0 2106.0 2127.0 2146.0 2125.0 2084.0 2091.0 2108.0 2121.0 2106.0 2101.0 2069.0 2081.0 2087.0 2085.0 2102.0 2093.0 2103.0 2110.0 2110.0 2071.0 2064.0 2077.0 2045.0 1988.0 1887.0 1741.0 1694.0 1638.0 1530.0 1474.0 1446.0 1383.0 1328.0 1288.0 1252.0 1170.0 1147.0 1142.0 1184.0 1254.0
2074.0 2190.0 2188.0 2149.0 2102.0 2101.0 2128.0 2150.0 2181.0 2157.0 2075.0 2016.0 2248.0 2194.0 2164.0 2178.0 2183.0 2155.0 2245.0 2243.0 2210.0 2247.0 2178.0 2172.0 2178.0 2133.0 2093.0 2174.0 2238.0 2190.0 2070.0 2091.0 2085.0 2087.0 2188.0 2101.0 2162.0 2158.0 2170.0 2177.0 2065.0 2023.0 2085.0 2061.0 2075.0 2112.0 2109.0 2113.0 2105.0 2110.0 2133.0 2134.0 2102.0 2090.0 2083.0 2088.0 2090.0 2088.0 2073.0 2062.0 2094.0 2113.0 2037.0 1990.0 1901.0 1741.0 1683.0 1639.0 1547.0 1477.0 1429.0 1376.0 1327.0 1285.0 1252.0 1174.0 1143.0 1119.0 1099.0 1063.0
2560.0 2560.0 2395.0 2382.0 2310.0 2200.0 2211.0 2086.0 2180.0 2139.0 2068.0 2148.0 2241.0 2186.0 2185.0 2238.0 2278.0 2256.0 2175.0 2153.0 2212.0 2150.0 2163.0 2173.0 2173.0 2148.0 2176.0 2211.0 2150.0 2149.0 2072.0 2134.0 2084.0 2094.0 2108.0 2106.0 2140.0 2152.0 2174.0 2145.0 2074.0 2088.0 2151.0 2156.0 2095.0 2063.0 2089.0 2060.0 2064.0 2087.0 2064.0 2052.0 2088.0 2086.0 2066.0 2066.0 2101.0 2103.0 2092.0 2062.0 2106.0 2118.0 2029.0 1987.0 1896.0 1745.0 1686.0 1639.0 1544.0 1468.0 1434.0 1372.0 1325.0 1285.0 1254.0 1188.0 1146.0 1115.0 1086.0 1040.0
2039.0 2028.0 2111.0 2382.0 2356.0 2399.0 2395.0 2138.0 2182.0 2097.0 2096.0 2194.0 2099.0 2254.0 2302.0 2298.0 2294.0 2241.0 2151.0 2117.0 2189.0 2139.0 2207.0 2175.0 2177.0 2220.0 2197.0 2209.0 2214.0 2139.0 2120.0 2104.0 2243.0 2214.0 2113.0 2157.0 2144.0 2093.0 2179.0 2219.0 2254.0 2173.0 2152.0 2124.0 2141.0 2155.0 2092.0 2082.0 2103.0 2093.0 2097.0 2099.0 2056.0 2122.0 2122.0 2109.0 2132.0 2124.0 2112.0 2076.0 2122.0 2115.0 2040.0 1988.0 1879.0 1742.0 1686.0 1636.0 1563.0 1479.0 1440.0 1381.0 1329.0 1288.0 1253.0 1191.0 1140.0 1112.0 1093.0 1053.0
2000.0 2162.0 2275.0 2135.0 2078.0 2125.0 2221.0 2288.0 2108.0 2141.0 2214.0 2127.0 1938.0 2472.0 2302.0 2269.0 2185.0 2130.0 2152.0 2132.0 2203.0 2132.0 2174.0 2178.0 2217.0 2203.0 2142.0 2173.0 2203.0 2132.0 2123.0 2139.0 2147.0 2192.0 2184.0 2221.0 2157.0 2090.0 2076.0 2197.0 2158.0 2186.0 2167.0 2141.0 2100.0 2120.0 2095.0 2051.0 2102.0 2102.0 2068.0 2046.0 2056.0 2088.0 2100.0 2153.0 2119.0 2028.0 2049.0 2057.0 2046.0 2035.0 2018.0 1988.0 1888.0 1740.0 1686.0 1633.0 1574.0 1474.0 1425.0 1376.0 1330.0 1295.0 1255.0 1195.0 1148.0 1122.0 1102.0 1046.0
2043.0 2051.0 2024.0 2030.0 2305.0 2291.0 2188.0 2198.0 2116.0 2248.0 2282.0 2182.0 2079.0 2194.0 2196.0 2263.0 2214.0 2133.0 2144.0 2244.0 2208.0 2164.0 2162.0 2171.0 2180.0 2154.0 2134.0 2166.0 2144.0 2125.0 2166.0 2281.0 2174.0 2188.0 2183.0 2159.0 2161.0 2167.0 2175.0 2144.0 2080.0 2088.0 2155.0 2150.0 2136.0 2164.0 2159.0 2092.0 2110.0 2109.0 2069.0 2056.0 2093.0 2150.0 2122.0 2106.0 2080.0 1998.0 2020.0 2058.0 2086.0 2060.0 2022.0 1987.0 1883.0 1736.0 1706.0 1637.0 1580.0 1474.0 1421.0 1372.0 1328.0 1285.0 1256.0 1201.0 1154.0 1126.0 1102.0 1051.0
2155.0 2058.0 2026.0 2030.0 2507.0 2399.0 2032.0 1751.0 2115.0 2134.0 2212.0 2298.0 2277.0 2206.0 2190.0 2326.0 2306.0 2149.0 2178.0 2323.0 2179.0 2346.0 2158.0 2116.0 2176.0 2170.0 2179.0 2202.0 2160.0 2132.0 2193.0 2281.0 2212.0 2267.0 2110.0 2198.0 2145.0 2165.0 2178.0 2204.0 2130.0 2182.0 2162.0 2089.0 2084.0 2057.0 2072.0 2085.0 2104.0 2093.0 2089.0 2133.0 2191.0 2106.0 2105.0 2157.0 2121.0 2052.0 2093.0 2113.0 2051.0 2036.0 2018.0 2011.0 1894.0 1787.0 1752.0 1635.0 1586.0 1476.0 1433.0 1390.0 1335.0 1290.0 1253.0 1199.0 1142.0 1113.0 1095.0 1044.0
2312.0 2236.0 2111.0 2127.0 2250.0 2127.0 2038.0 2005.0 1972.0 2076.0 2097.0 2090.0 2059.0 2121.0 2078.0 2320.0 2299.0 2251.0 2303.0 2314.0 2178.0 2349.0 2120.0 2172.0 2222.0 2211.0 2179.0 2176.0 2177.0 2210.0 2276.0 2275.0 2248.0 2216.0 2098.0 2236.0 2264.0 2245.0 2196.0 2207.0 2099.0 2132.0 2097.0 2096.0 2143.0 2163.0 2218.0 2173.0 2128.0 2120.0 2108.0 2099.0 2058.0 2148.0 2163.0 2186.0 2124.0 2115.0 2170.0 2118.0 2037.0 2027.0 2016.0 2013.0 1885.0 1832.0 1779.0 1633.0 1591.0 1484.0 1437.0 1411.0 1382.0 1316.0 1254.0 1208.0 1147.0 1122.0 1111.0 1050.0
2358.0 2244.0 2251.0 2238.0 2072.0 2017.0 1991.0 2035.0 2318.0 2310.0 2282.0 2123.0 1941.0 2143.0 2088.0 2162.0 2268.0 2254.0 2222.0 2243.0 2231.0 2349.0 2155.0 2173.0 2196.0 2162.0 2142.0 2152.0 2176.0 2229.0 2266.0 2249.0 2243.0 2182.0 2189.0 2261.0 2270.0 2246.0 2163.0 2140.0 2139.0 2182.0 2116.0 2092.0 2155.0 2208.0 2169.0 2093.0 2105.0 2096.0 2091.0 2099.0 2115.0 2148.0 2103.0 2096.0 2132.0 2114.0 2085.0 2188.0 2164.0 2101.0 2096.0 2060.0 2025.0 1839.0 1790.0 1635.0 1596.0 1488.0 1430.0 1406.0 1357.0 1311.0 1254.0 1212.0 1158.0 1140.0 1109.0 1044.0
2165.0 2250.0 2251.0 2238.0 2176.0 2080.0 2070.0 2208.0 2479.0 2288.0 2078.0 2076.0 2133.0 1967.0 2120.0 2322.0 2142.0 2124.0 2229.0 2236.0 2315.0 2350.0 2107.0 2120.0 2177.0 2162.0 2139.0 2152.0 2196.0 2199.0 2172.0 2229.0 2210.0 2271.0 2240.0 2194.0 2256.0 2245.0 2134.0 2103.0 2143.0 2171.0 2150.0 2115.0 2139.0 2175.0 2188.0 2175.0 2118.0 2073.0 2090.0 2086.0 2082.0 2092.0 2099.0 2121.0 2123.0 2130.0 2092.0 2065.0 2119.0 2100.0 2101.0 2097.0 2061.0 1964.0 1791.0 1635.0 1594.0 1476.0 1426.0 1405.0 1336.0 1286.0 1250.0 1217.0 1165.0 1143.0 1105.0 1050.0
1895.0 2038.0 2079.0 2123.0 2176.0 2127.0 2135.0 2244.0 2291.0 2153.0 2058.0 2059.0 2050.0 2155.0 2110.0 2192.0 2139.0 2273.0 2303.0 2188.0 2283.0 2110.0 1927.0 2383.0 2351.0 2261.0 2159.0 2159.0 2194.0 2185.0 2180.0 2233.0 2222.0 2274.0 2200.0 2317.0 2159.0 2214.0 2192.0 2108.0 2116.0 2151.0 2170.0 2169.0 2147.0 2198.0 2216.0 2147.0 2116.0 2129.0 2104.0 2091.0 2080.0 2091.0 2097.0 2114.0 2127.0 2062.0 2040.0 2075.0 2040.0 1922.0 2019.0 2088.0 1882.0 1982.0 1910.0 1620.0 1596.0 1489.0 1432.0 1403.0 1342.0 1290.0 1239.0 1215.0 1158.0 1146.0 1105.0 1047.0
2362.0 2528.0 2528.0 2382.0 2066.0 1970.0 1987.0 2039.0 2114.0 2160.0 2133.0 2126.0 2135.0 2116.0 2099.0 2024.0 2035.0 2124.0 2120.0 2161.0 2157.0 2174.0 2129.0 2189.0 2289.0 2162.0 2158.0 2204.0 2191.0 2200.0 2259.0 2237.0 2249.0 2222.0 2232.0 2358.0 2161.0 2220.0 2201.0 2100.0 2134.0 2143.0 2186.0 2181.0 2142.0 2171.0 2213.0 2163.0 2129.0 2130.0 2107.0 2105.0 2085.0 2090.0 2103.0 2062.0 2018.0 2029.0 2044.0 2078.0 2118.0 2140.0 2205.0 2101.0 2055.0 2001.0 1911.0 1751.0 1599.0 1475.0 1428.0 1402.0 1337.0 1294.0 1245.0 1223.0 1157.0 1147.0 1114.0 1049.0
2539.0 2249.0 2372.0 2382.0 2066.0 1698.0 1698.0 2039.0 2300.0 2299.0 2153.0 2257.0 2241.0 2170.0 2252.0 2192.0 2164.0 2121.0 2106.0 2178.0 2266.0 2232.0 2201.0 2122.0 2254.0 2213.0 2158.0 2217.0 2213.0 2202.0 2208.0 2225.0 2235.0 2215.0 2271.0 2299.0 2264.0 2139.0 2217.0 2118.0 2206.0 2162.0 2168.0 2126.0 2120.0 2082.0 2145.0 2160.0 2140.0 2129.0 2102.0 2109.0 2147.0 2091.0 2087.0 2102.0 2054.0 2107.0 2228.0 2185.0 2175.0 2101.0 2093.0 2118.0 2088.0 1995.0 1954.0 1960.0 1751.0 1500.0 1427.0 1396.0 1330.0 1288.0 1240.0 1224.0 1160.0 1146.0 1107.0 1062.0
2195.0 2040.0 2161.0 2119.0 2009.0 1929.0 2087.0 2282.0 2479.0 2441.0 2111.0 2272.0 2359.0 2356.0 2358.0 2311.0 2241.0 2029.0 2048.0 2200.0 2311.0 2287.0 2330.0 2200.0 2353.0 2265.0 2186.0 2128.0 2184.0 2196.0 2181.0 2219.0 2191.0 2179.0 2215.0 2332.0 2247.0 2088.0 2190.0 2149.0 2238.0 2161.0 2131.0 2105.0 2059.0 2083.0 2105.0 2164.0 2183.0 2129.0 2106.0 2086.0 2086.0 2147.0 2098.0 2069.0 2056.0 2098.0 2140.0 2164.0 2128.0 2091.0 2055.0 2063.0 2107.0 2113.0 2004.0 1982.0 1918.0 1675.0 1429.0 1379.0 1324.0 1287.0 1239.0 1228.0 1166.0 1144.0 1087.0 1058.0
2063.0 2041.0 2070.0 2042.0 2067.0 2069.0 2010.0 2050.0 2115.0 2162.0 2050.0 2530.0 2560.0 2534.0 2360.0 2132.0 2165.0 2029.0 2108.0 2236.0 2278.0 2200.0 2221.0 2131.0 2256.0 2126.0 2158.0 2135.0 2193.0 2198.0 2193.0 2246.0 2197.0 2108.0 2102.0 2271.0 2145.0 2195.0 2103.0 2130.0 2167.0 2150.0 2092.0 2100.0 2071.0 2099.0 2100.0 2142.0 2184.0 2129.0 2106.0 2113.0 2143.0 2154.0 2128.0 2106.0 2120.0 2110.0 2109.0 2076.0 2073.0 2081.0 2059.0 2086.0 2097.0 1994.0 1991.0 2011.0 1947.0 1907.0 1680.0 1395.0 1337.0 1291.0 1244.0 1233.0 1164.0 1144.0 1099.0 1048.0
2365.0 2136.0 2161.0 2042.0 2008.0 2069.0 2288.0 2106.0 2114.0 2296.0 2475.0 2530.0 2560.0 2534.0 2359.0 1867.0 2236.0 2114.0 2166.0 2236.0 2197.0 2194.0 2331.0 2372.0 2341.0 2198.0 2208.0 2119.0 2086.0 2185.0 2204.0 2211.0 2163.0 2107.0 2184.0 2119.0 2144.0 2325.0 2166.0 2057.0 2118.0 2152.0 2086.0 2078.0 2069.0 2066.0 2095.0 2160.0 2187.0 2181.0 2113.0 2114.0 2143.0 2210.0 2121.0 2099.0 2122.0 2096.0 2106.0 2082.0 2061.0 2059.0 2071.0 2014.0 2008.0 1996.0 1981.0 2012.0 1995.0 2105.0 2054.0 1654.0 1333.0 1291.0 1244.0 1234.0 1163.0 1144.0 1117.0 1059.0
1930.0 2155.0 2372.0 1806.0 1774.0 1968.0 2304.0 2140.0 2200.0 2296.0 2475.0 2217.0 2056.0 2180.0 2123.0 1867.0 2325.0 2115.0 2322.0 2233.0 2169.0 2195.0 2166.0 2215.0 2253.0 2200.0 2203.0 2072.0 2072.0 2257.0 2208.0 2022.0 2153.0 2244.0 2207.0 2119.0 2022.0 2136.0 2067.0 2050.0 2156.0 2152.0 2155.0 2060.0 2051.0 2074.0 2147.0 2159.0 2182.0 2221.0 2127.0 2116.0 2151.0 2212.0 2136.0 2189.0 2138.0 2095.0 2105.0 2158.0 2136.0 2005.0 1980.0 2007.0 2014.0 1992.0 1957.0 1975.0 1950.0 2105.0 2163.0 1939.0 1545.0 1293.0 1242.0 1237.0 1164.0 1138.0 1104.0 1063.0
2197.0 2165.0 1935.0 1628.0 1774.0 1963.0 2303.0 2101.0 2227.0 2296.0 2117.0 2156.0 2056.0 2269.0 2268.0 2095.0 2061.0 2116.0 2405.0 2236.0 2192.0 2197.0 2163.0 2109.0 2128.0 2124.0 2150.0 2133.0 2079.0 2219.0 2369.0 2217.0 2124.0 2153.0 2098.0 2247.0 2136.0 2134.0 1880.0 2052.0 2154.0 2122.0 2204.0 2087.0 2086.0 2124.0 2154.0 2110.0 2171.0 2222.0 2107.0 2128.0 2183.0 2150.0 2135.0 2190.0 2136.0 2085.0 2063.0 2048.0 2062.0 2031.0 1978.0 1974.0 2007.0 1997.0 1957.0 1942.0 1911.0 1982.0 2054.0 2002.0 1831.0 1450.0 1252.0 1245.0 1171.0 1117.0 1092.0 1060.0
