2378.0 2341.0 2127.0 2072.0 2393.0 2418.0 2083.0 2283.0 2188.0 2137.0 2127.0 2281.0 2397.0 2397.0 2395.0 2412.0 2594.0 2395.0 2392.0 2282.0 2287.0 2279.0 2206.0 2257.0 2415.0 2337.0 2237.0 2369.0 2355.0 2383.0 2380.0 2221.0 2214.0 2379.0 2303.0 2228.0 2208.0 2077.0 2271.0 2209.0 2214.0 2215.0 2272.0 2274.0 2327.0 2291.0 2276.0 2256.0 2363.0 2296.0 2222.0 2245.0 2248.0 2313.0 2321.0 2251.0 2318.0 2337.0 2329.0 2265.0 2255.0 2259.0 2264.0 2269.0 2255.0 2265.0 2249.0 2159.0 2152.0 2183.0 2168.0 2171.0 2140.0 2131.0 2090.0 1957.0 1957.0 1837.0 1837.0 1740.0
2506.0 2330.0 2126.0 2325.0 2450.0 2448.0 2136.0 2284.0 2216.0 2103.0 2192.0 2239.0 2423.0 2426.0 2351.0 2328.0 2432.0 2345.0 2392.0 2266.0 2207.0 2237.0 2200.0 2256.0 2212.0 2311.0 2284.0 2285.0 2314.0 2288.0 2300.0 2295.0 2170.0 2210.0 2197.0 2110.0 2257.0 2265.0 2316.0 2274.0 2280.0 2276.0 2273.0 2244.0 2299.0 2291.0 2278.0 2257.0 2294.0 2272.0 2213.0 2265.0 2280.0 2278.0 2286.0 2284.0 2250.0 2233.0 2287.0 2290.0 2267.0 2255.0 2272.0 2321.0 2249.0 2260.0 2290.0 2178.0 2189.0 2236.0 2207.0 2118.0 2123.0 2108.0 2020.0 1982.0 1958.0 1883.0 1916.0 1806.0
2515.0 2564.0 2294.0 2567.0 2535.0 2328.0 2274.0 2233.0 2218.0 2234.0 2405.0 2239.0 2211.0 2301.0 2351.0 2361.0 2288.0 2240.0 2391.0 2271.0 2208.0 2247.0 2206.0 2242.0 2208.0 2312.0 2299.0 2143.0 2144.0 2300.0 2296.0 2284.0 2289.0 2213.0 2197.0 2203.0 2293.0 2256.0 2316.0 2274.0 2296.0 2280.0 2287.0 2239.0 2226.0 2250.0 2268.0 2232.0 2254.0 2256.0 2228.0 2259.0 2274.0 2270.0 2266.0 2277.0 2253.0 2235.0 2283.0 2284.0 2268.0 2232.0 2247.0 2258.0 2221.0 2251.0 2284.0 2256.0 2218.0 2233.0 2210.0 2121.0 2117.0 2108.0 2061.0 1983.0 1939.0 1877.0 1829.0 1801.0
2527.0 2476.0 2433.0 2497.0 2535.0 2223.0 2251.0 2329.0 2271.0 2234.0 2405.0 2342.0 2209.0 2163.0 2269.0 2352.0 2264.0 2220.0 2284.0 2278.0 2235.0 2275.0 2210.0 2234.0 2194.0 2352.0 2299.0 2326.0 2353.0 2296.0 2296.0 2282.0 2248.0 2250.0 2279.0 2339.0 2298.0 2249.0 2292.0 2223.0 2316.0 2275.0 2287.0 2237.0 2213.0 2201.0 2222.0 2226.0 2238.0 2239.0 2227.0 2267.0 2271.0 2255.0 2240.0 2263.0 2254.0 2250.0 2281.0 2276.0 2264.0 2224.0 2248.0 2259.0 2210.0 2234.0 2249.0 2256.0 2214.0 2209.0 2215.0 2124.0 2111.0 2106.0 2104.0 1994.0 1937.0 1880.0 1836.0 1771.0
2352.0 2234.0 2394.0 2221.0 2190.0 2440.0 2256.0 2218.0 2215.0 2128.0 2209.0 2345.0 2294.0 2163.0 2228.0 2299.0 2250.0 2243.0 2264.0 2270.0 2333.0 2421.0 2319.0 2317.0 2171.0 2290.0 2300.0 2296.0 2351.0 2348.0 2291.0 2239.0 2262.0 2250.0 2338.0 2327.0 2254.0 2244.0 2288.0 2223.0 2306.0 2282.0 2288.0 2251.0 2231.0 2202.0 2221.0 2236.0 2246.0 2237.0 2222.0 2255.0 2249.0 2245.0 2244.0 2272.0 2254.0 2293.0 2299.0 2249.0 2280.0 2279.0 2246.0 2258.0 2199.0 2237.0 2289.0 2247.0 2221.0 2239.0 2224.0 2128.0 2129.0 2108.0 2092.0 1962.0 1962.0 1913.0 1833.0 1739.0
2144.0 2234.0 2220.0 2124.0 2033.0 2338.0 2332.0 2209.0 2175.0 2128.0 2113.0 2337.0 2301.0 2182.0 2268.0 2306.0 2257.0 2266.0 2263.0 2188.0 2127.0 2214.0 2315.0 2320.0 2234.0 2348.0 2347.0 2283.0 2267.0 2332.0 2296.0 2245.0 2263.0 2245.0 2338.0 2317.0 2247.0 2253.0 2291.0 2287.0 2295.0 2286.0 2265.0 2282.0 2299.0 2284.0 2243.0 2228.0 2249.0 2232.0 2219.0 2250.0 2248.0 2251.0 2281.0 2266.0 2252.0 2267.0 2244.0 2252.0 2279.0 2223.0 2241.0 2235.0 2182.0 2188.0 2183.0 2245.0 2259.0 2246.0 2256.0 2261.0 2235.0 2155.0 2111.0 1957.0 1964.0 1894.0 1835.0 1761.0
2117.0 2354.0 2433.0 2329.0 2190.0 2439.0 2322.0 2195.0 2196.0 2407.0 2209.0 2263.0 2292.0 2209.0 2415.0 2343.0 2280.0 2270.0 2280.0 2347.0 2386.0 2421.0 2294.0 2400.0 2391.0 2292.0 2293.0 2273.0 2273.0 2300.0 2261.0 2220.0 2244.0 2235.0 2275.0 2280.0 2293.0 2306.0 2297.0 2281.0 2315.0 2276.0 2246.0 2280.0 2299.0 2290.0 2268.0 2240.0 2258.0 2237.0 2220.0 2257.0 2269.0 2274.0 2297.0 2278.0 2252.0 2243.0 2242.0 2304.0 2299.0 2291.0 2248.0 2244.0 2314.0 2304.0 2242.0 2267.0 2303.0 2285.0 2253.0 2267.0 2247.0 2144.0 2093.0 2041.0 1967.0 1877.0 1840.0 1796.0
2217.0 2216.0 2218.0 2221.0 2033.0 2314.0 2342.0 2320.0 2299.0 2441.0 2317.0 2242.0 2249.0 2308.0 2549.0 2303.0 2255.0 2321.0 2305.0 2342.0 2459.0 2314.0 2333.0 2400.0 2330.0 2295.0 2271.0 2300.0 2350.0 2293.0 2280.0 2247.0 2229.0 2162.0 2213.0 2257.0 2307.0 2305.0 2298.0 2286.0 2306.0 2293.0 2295.0 2279.0 2282.0 2291.0 2265.0 2240.0 2263.0 2249.0 2220.0 2248.0 2229.0 2187.0 2192.0 2225.0 2252.0 2238.0 2246.0 2319.0 2271.0 2217.0 2237.0 2295.0 2309.0 2289.0 2245.0 2217.0 2226.0 2261.0 2258.0 2256.0 2208.0 2122.0 2072.0 2041.0 1955.0 1836.0 1837.0 1780.0
2143.0 2234.0 2201.0 2124.0 2190.0 2259.0 2265.0 2319.0 2431.0 2402.0 2316.0 2247.0 2224.0 2289.0 2415.0 2249.0 2237.0 2322.0 2280.0 2190.0 2387.0 2313.0 2213.0 2318.0 2334.0 2320.0 2310.0 2356.0 2356.0 2298.0 2263.0 2266.0 2255.0 2159.0 2161.0 2267.0 2284.0 2259.0 2287.0 2329.0 2285.0 2273.0 2250.0 2322.0 2311.0 2288.0 2287.0 2278.0 2293.0 2269.0 2221.0 2243.0 2251.0 2259.0 2230.0 2248.0 2253.0 2270.0 2266.0 2251.0 2289.0 2284.0 2248.0 2253.0 2271.0 2310.0 2294.0 2238.0 2234.0 2249.0 2132.0 2132.0 2163.0 2127.0 2074.0 2049.0 1965.0 1874.0 1828.0 1736.0
2218.0 2009.0 2074.0 2217.0 2277.0 2139.0 2090.0 2193.0 2430.0 2533.0 2513.0 2446.0 2446.0 2273.0 2132.0 2292.0 2244.0 2252.0 2247.0 2178.0 2259.0 2254.0 2257.0 2288.0 2353.0 2336.0 2351.0 2358.0 2341.0 2325.0 2243.0 2247.0 2262.0 2245.0 2186.0 2265.0 2245.0 2254.0 2291.0 2279.0 2287.0 2285.0 2295.0 2300.0 2290.0 2277.0 2238.0 2235.0 2263.0 2243.0 2229.0 2257.0 2240.0 2212.0 2199.0 2226.0 2184.0 2214.0 2323.0 2341.0 2224.0 2225.0 2348.0 2335.0 2305.0 2286.0 2225.0 2211.0 2205.0 2240.0 2253.0 2204.0 2184.0 2144.0 2121.0 2059.0 1949.0 1878.0 1845.0 1761.0
1963.0 2009.0 2143.0 2334.0 2281.0 2148.0 2090.0 2281.0 2513.0 2436.0 2397.0 2395.0 2440.0 2222.0 2246.0 2269.0 2221.0 2144.0 2214.0 2264.0 2266.0 2241.0 2206.0 2285.0 2333.0 2333.0 2357.0 2356.0 2290.0 2308.0 2257.0 2294.0 2268.0 2284.0 2240.0 2249.0 2244.0 2251.0 2244.0 2270.0 2294.0 2301.0 2243.0 2230.0 2233.0 2242.0 2226.0 2221.0 2238.0 2289.0 2323.0 2265.0 2217.0 2229.0 2239.0 2233.0 2259.0 2263.0 2242.0 2212.0 2219.0 2218.0 2227.0 2249.0 2195.0 2203.0 2255.0 2240.0 2221.0 2218.0 2229.0 2206.0 2158.0 2030.0 2012.0 1985.0 1907.0 1867.0 1844.0 1759.0
2112.0 2217.0 2302.0 2317.0 2325.0 2290.0 2283.0 2459.0 2282.0 2437.0 2423.0 2245.0 2207.0 2245.0 2289.0 2268.0 2119.0 2144.0 2286.0 2338.0 2260.0 2311.0 2222.0 2299.0 2332.0 2330.0 2355.0 2355.0 2322.0 2295.0 2271.0 2326.0 2311.0 2188.0 2236.0 2185.0 2244.0 2143.0 2141.0 2188.0 2272.0 2288.0 2292.0 2301.0 2284.0 2247.0 2234.0 2218.0 2240.0 2253.0 2229.0 2258.0 2221.0 2207.0 2214.0 2219.0 2193.0 2243.0 2312.0 2262.0 2229.0 2225.0 2249.0 2285.0 2286.0 2220.0 2204.0 2240.0 2245.0 2248.0 2240.0 2192.0 2169.0 2140.0 2076.0 1964.0 1917.0 1855.0 1839.0 1749.0
2365.0 2378.0 2348.0 2330.0 2343.0 2284.0 2272.0 2704.0 2513.0 2535.0 2513.0 2394.0 2400.0 2192.0 2253.0 2280.0 2256.0 2246.0 2293.0 2330.0 2293.0 2270.0 2341.0 2319.0 2342.0 2344.0 2321.0 2288.0 2336.0 2311.0 2264.0 2264.0 2252.0 2283.0 2299.0 2215.0 2247.0 2204.0 2243.0 2267.0 2289.0 2297.0 2246.0 2206.0 2227.0 2249.0 2226.0 2214.0 2259.0 2290.0 2240.0 2267.0 2250.0 2240.0 2251.0 2274.0 2277.0 2269.0 2245.0 2247.0 2262.0 2290.0 2226.0 2243.0 2291.0 2246.0 2197.0 2204.0 2216.0 2205.0 2141.0 2130.0 2175.0 2117.0 2021.0 1958.0 1912.0 1855.0 1829.0 1761.0
2340.0 2377.0 2521.0 2356.0 2182.0 2126.0 2181.0 2314.0 2363.0 2413.0 2378.0 2234.0 2221.0 2067.0 2128.0 2190.0 2257.0 2281.0 2297.0 2308.0 2348.0 2305.0 2356.0 2305.0 2343.0 2348.0 2315.0 2199.0 2193.0 2289.0 2268.0 2274.0 2229.0 2247.0 2229.0 2167.0 2171.0 2145.0 2255.0 2188.0 2254.0 2268.0 2231.0 2195.0 2206.0 2253.0 2287.0 2267.0 2220.0 2291.0 2308.0 2228.0 2237.0 2279.0 2313.0 2250.0 2259.0 2273.0 2246.0 2233.0 2251.0 2220.0 2195.0 2205.0 2207.0 2211.0 2186.0 2212.0 2195.0 2168.0 2179.0 2151.0 2150.0 2061.0 2026.0 1954.0 1906.0 1857.0 1837.0 1759.0
1963.0 1931.0 2257.0 2361.0 2194.0 2153.0 2330.0 2310.0 2300.0 2290.0 2208.0 2207.0 2201.0 2194.0 2114.0 2190.0 2216.0 2257.0 2291.0 2259.0 2264.0 2338.0 2298.0 2293.0 2342.0 2334.0 2246.0 2200.0 2186.0 2320.0 2246.0 2274.0 2301.0 2194.0 2212.0 2193.0 2281.0 2291.0 2351.0 2326.0 2303.0 2301.0 2257.0 2240.0 2248.0 2252.0 2263.0 2258.0 2263.0 2268.0 2208.0 2229.0 2238.0 2227.0 2235.0 2228.0 2205.0 2262.0 2272.0 2214.0 2232.0 2217.0 2192.0 2206.0 2199.0 2208.0 2231.0 2218.0 2233.0 2227.0 2174.0 2131.0 2141.0 2148.0 2098.0 1977.0 1953.0 1854.0 1836.0 1751.0
2238.0 2274.0 2299.0 2515.0 2305.0 2128.0 2184.0 2202.0 2336.0 2322.0 2243.0 2270.0 2200.0 2191.0 2273.0 2289.0 2258.0 2245.0 2295.0 2216.0 2169.0 2272.0 2208.0 2295.0 2344.0 2314.0 2245.0 2266.0 2248.0 2308.0 2273.0 2288.0 2278.0 2237.0 2190.0 2193.0 2195.0 2248.0 2273.0 2317.0 2267.0 2301.0 2264.0 2202.0 2185.0 2173.0 2218.0 2192.0 2226.0 2218.0 2201.0 2195.0 2248.0 2257.0 2240.0 2252.0 2254.0 2268.0 2245.0 2245.0 2244.0 2195.0 2213.0 2240.0 2204.0 2183.0 2163.0 2169.0 2140.0 2200.0 2198.0 2152.0 2136.0 2121.0 2064.0 1956.0 1913.0 1848.0 1838.0 1769.0
2309.0 2270.0 2527.0 2341.0 2192.0 2227.0 2551.0 2209.0 2371.0 2397.0 2368.0 2281.0 2204.0 2215.0 2370.0 2401.0 2341.0 2238.0 2306.0 2212.0 2246.0 2304.0 2210.0 2259.0 2346.0 2335.0 2188.0 2263.0 2332.0 2343.0 2241.0 2281.0 2238.0 2319.0 2297.0 2199.0 2247.0 2222.0 2274.0 2292.0 2290.0 2295.0 2236.0 2216.0 2251.0 2174.0 2148.0 2176.0 2251.0 2263.0 2209.0 2213.0 2231.0 2259.0 2249.0 2284.0 2249.0 2257.0 2243.0 2247.0 2228.0 2195.0 2222.0 2246.0 2227.0 2222.0 2208.0 2197.0 2158.0 2160.0 2220.0 2227.0 2139.0 2106.0 2064.0 1975.0 1925.0 1845.0 1825.0 1760.0
2303.0 2377.0 2522.0 2525.0 2433.0 2376.0 2551.0 2423.0 2368.0 2322.0 2229.0 2228.0 2208.0 2313.0 2370.0 2400.0 2355.0 2240.0 2272.0 2214.0 2282.0 2308.0 2286.0 2266.0 2276.0 2331.0 2322.0 2260.0 2276.0 2223.0 2276.0 2295.0 2294.0 2251.0 2214.0 2302.0 2317.0 2285.0 2274.0 2275.0 2250.0 2280.0 2256.0 2196.0 2251.0 2247.0 2151.0 2179.0 2247.0 2264.0 2264.0 2237.0 2242.0 2265.0 2310.0 2312.0 2252.0 2236.0 2244.0 2260.0 2245.0 2221.0 2228.0 2245.0 2206.0 2228.0 2236.0 2214.0 2192.0 2187.0 2198.0 2190.0 2138.0 2123.0 2065.0 1965.0 1952.0 1888.0 1838.0 1750.0
2073.0 2218.0 2404.0 2484.0 2434.0 2344.0 2241.0 2424.0 2299.0 2148.0 2144.0 2286.0 2198.0 2253.0 2276.0 2290.0 2305.0 2286.0 2277.0 2313.0 2272.0 2318.0 2277.0 2283.0 2278.0 2245.0 2187.0 2188.0 2182.0 2227.0 2237.0 2221.0 2203.0 2218.0 2212.0 2203.0 2259.0 2281.0 2271.0 2259.0 2262.0 2291.0 2259.0 2262.0 2306.0 2248.0 2217.0 2237.0 2241.0 2205.0 2199.0 2220.0 2224.0 2260.0 2289.0 2305.0 2265.0 2253.0 2243.0 2218.0 2225.0 2225.0 2217.0 2247.0 2265.0 2237.0 2239.0 2268.0 2224.0 2210.0 2174.0 2137.0 2136.0 2141.0 2076.0 1985.0 1954.0 1836.0 1822.0 1752.0
2073.0 2238.0 2509.0 2375.0 2255.0 2193.0 2190.0 2412.0 2296.0 2152.0 2226.0 2408.0 2211.0 2251.0 2256.0 2299.0 2357.0 2255.0 2163.0 2212.0 2299.0 2475.0 2330.0 2205.0 2262.0 2318.0 2266.0 2261.0 2278.0 2121.0 2247.0 2206.0 2197.0 2259.0 2249.0 2299.0 2282.0 2249.0 2263.0 2288.0 2284.0 2291.0 2260.0 2219.0 2307.0 2309.0 2217.0 2233.0 2255.0 2193.0 2177.0 2217.0 2222.0 2216.0 2205.0 2217.0 2228.0 2223.0 2241.0 2254.0 2215.0 2195.0 2213.0 2249.0 2249.0 2234.0 2238.0 2243.0 2192.0 2201.0 2196.0 2174.0 2162.0 2129.0 2061.0 1984.0 1959.0 1873.0 1812.0 1744.0
2302.0 2379.0 2549.0 2401.0 2259.0 2196.0 2223.0 2410.0 2369.0 2225.0 2202.0 2231.0 2188.0 2158.0 2260.0 2379.0 2358.0 2291.0 2281.0 2295.0 2237.0 2220.0 2220.0 2241.0 2274.0 2274.0 2182.0 2245.0 2273.0 2220.0 2304.0 2209.0 2235.0 2321.0 2321.0 2266.0 2210.0 2269.0 2297.0 2297.0 2284.0 2243.0 2255.0 2253.0 2250.0 2261.0 2224.0 2231.0 2249.0 2207.0 2175.0 2216.0 2241.0 2198.0 2189.0 2206.0 2165.0 2165.0 2227.0 2231.0 2229.0 2216.0 2189.0 2208.0 2248.0 2245.0 2188.0 2178.0 2185.0 2198.0 2196.0 2180.0 2171.0 2129.0 2055.0 1994.0 1950.0 1817.0 1787.0 1735.0
2399.0 2379.0 2422.0 2390.0 2381.0 2369.0 2119.0 2078.0 2264.0 2342.0 2226.0 2145.0 2232.0 2302.0 2286.0 2250.0 2170.0 2130.0 2326.0 2212.0 2164.0 2234.0 2214.0 2203.0 2251.0 2293.0 2316.0 2287.0 2279.0 2121.0 2246.0 2225.0 2235.0 2204.0 2239.0 2266.0 2239.0 2241.0 2257.0 2268.0 2260.0 2240.0 2248.0 2235.0 2226.0 2232.0 2241.0 2248.0 2235.0 2193.0 2188.0 2215.0 2222.0 2191.0 2183.0 2202.0 2144.0 2154.0 2169.0 2199.0 2215.0 2226.0 2206.0 2182.0 2246.0 2238.0 2165.0 2166.0 2187.0 2199.0 2177.0 2174.0 2180.0 2139.0 2057.0 1987.0 1916.0 1817.0 1822.0 1750.0
2399.0 2236.0 2341.0 2318.0 2373.0 2546.0 2229.0 2190.0 2179.0 2239.0 2346.0 2089.0 2206.0 2287.0 2226.0 2193.0 2180.0 2234.0 2278.0 2307.0 2269.0 2230.0 2258.0 2274.0 2265.0 2267.0 2310.0 2342.0 2273.0 2220.0 2234.0 2243.0 2239.0 2217.0 2228.0 2237.0 2219.0 2230.0 2242.0 2250.0 2258.0 2231.0 2229.0 2264.0 2258.0 2218.0 2213.0 2231.0 2215.0 2203.0 2194.0 2214.0 2199.0 2194.0 2200.0 2215.0 2187.0 2155.0 2159.0 2195.0 2159.0 2208.0 2204.0 2150.0 2178.0 2167.0 2170.0 2176.0 2176.0 2160.0 2252.0 2260.0 2187.0 2136.0 2054.0 1998.0 1925.0 1838.0 1832.0 1753.0
2592.0 2132.0 2312.0 2375.0 2263.0 1996.0 2239.0 2227.0 2171.0 2159.0 2227.0 2251.0 2205.0 2155.0 2243.0 2305.0 2272.0 2222.0 2314.0 2327.0 2258.0 2268.0 2326.0 2274.0 2242.0 2287.0 2270.0 2260.0 2260.0 2296.0 2235.0 2248.0 2187.0 2210.0 2207.0 2188.0 2207.0 2242.0 2266.0 2271.0 2257.0 2236.0 2212.0 2230.0 2255.0 2229.0 2210.0 2193.0 2164.0 2189.0 2192.0 2211.0 2183.0 2187.0 2194.0 2211.0 2204.0 2158.0 2155.0 2193.0 2195.0 2193.0 2203.0 2195.0 2176.0 2151.0 2135.0 2168.0 2178.0 2166.0 2223.0 2259.0 2176.0 2106.0 2031.0 1999.0 1931.0 1871.0 1831.0 1747.0
2058.0 2080.0 2251.0 2305.0 2264.0 2160.0 2138.0 2353.0 2366.0 2223.0 2128.0 2089.0 2186.0 2251.0 2198.0 2226.0 2322.0 2293.0 2267.0 2326.0 2191.0 2267.0 2287.0 2236.0 2233.0 2228.0 2216.0 2255.0 2177.0 2209.0 2151.0 2246.0 2149.0 2210.0 2221.0 2218.0 2205.0 2224.0 2214.0 2231.0 2228.0 2222.0 2211.0 2200.0 2215.0 2206.0 2213.0 2196.0 2164.0 2184.0 2176.0 2220.0 2196.0 2198.0 2188.0 2184.0 2151.0 2152.0 2157.0 2194.0 2216.0 2158.0 2177.0 2195.0 2178.0 2147.0 2124.0 2157.0 2168.0 2157.0 2164.0 2166.0 2166.0 2114.0 2032.0 2007.0 1934.0 1856.0 1833.0 1749.0
2159.0 2214.0 2326.0 2312.0 2264.0 2237.0 2138.0 2274.0 2261.0 2160.0 2144.0 2259.0 2202.0 2148.0 2192.0 2288.0 2338.0 2307.0 2324.0 2279.0 2195.0 2267.0 2304.0 2210.0 2200.0 2241.0 2214.0 2220.0 2178.0 2224.0 2150.0 2200.0 2151.0 2200.0 2228.0 2226.0 2173.0 2178.0 2229.0 2254.0 2222.0 2212.0 2202.0 2187.0 2220.0 2214.0 2206.0 2205.0 2213.0 2222.0 2184.0 2211.0 2187.0 2197.0 2198.0 2189.0 2150.0 2153.0 2162.0 2168.0 2161.0 2156.0 2172.0 2162.0 2186.0 2162.0 2122.0 2133.0 2169.0 2135.0 2065.0 2092.0 2142.0 2098.0 2033.0 2005.0 1933.0 1859.0 1826.0 1753.0
2333.0 2225.0 2315.0 2240.0 2250.0 2546.0 2369.0 2197.0 2178.0 2217.0 2171.0 2319.0 2389.0 2270.0 2239.0 2317.0 2339.0 2214.0 2249.0 2332.0 2207.0 2269.0 2310.0 2264.0 2245.0 2271.0 2251.0 2247.0 2231.0 2294.0 2227.0 2169.0 2147.0 2216.0 2218.0 2197.0 2167.0 2174.0 2235.0 2278.0 2229.0 2222.0 2207.0 2185.0 2219.0 2216.0 2203.0 2201.0 2243.0 2219.0 2188.0 2219.0 2184.0 2191.0 2207.0 2194.0 2188.0 2210.0 2205.0 2170.0 2160.0 2185.0 2178.0 2187.0 2206.0 2203.0 2161.0 2167.0 2207.0 2149.0 2063.0 2090.0 2049.0 2050.0 2039.0 2010.0 1941.0 1877.0 1848.0 1773.0
2360.0 2265.0 2241.0 2282.0 2372.0 2472.0 2370.0 2234.0 2171.0 2229.0 2397.0 2416.0 2395.0 2372.0 2253.0 2242.0 2332.0 2211.0 2285.0 2333.0 2185.0 2197.0 2259.0 2268.0 2282.0 2278.0 2213.0 2271.0 2215.0 2292.0 2227.0 2278.0 2233.0 2202.0 2226.0 2217.0 2213.0 2183.0 2213.0 2256.0 2231.0 2221.0 2206.0 2193.0 2217.0 2182.0 2194.0 2209.0 2246.0 2180.0 2161.0 2235.0 2188.0 2174.0 2192.0 2188.0 2204.0 2243.0 2211.0 2152.0 2155.0 2173.0 2169.0 2183.0 2162.0 2180.0 2196.0 2194.0 2201.0 2143.0 2059.0 2061.0 2041.0 2034.0 2022.0 2001.0 1921.0 1865.0 1824.0 1739.0
2322.0 2099.0 2126.0 2221.0 2295.0 2237.0 2427.0 2378.0 2263.0 2227.0 2284.0 2418.0 2195.0 2269.0 2270.0 2257.0 2337.0 2287.0 2329.0 2341.0 2220.0 2226.0 2247.0 2267.0 2283.0 2228.0 2189.0 2226.0 2168.0 2291.0 2206.0 2282.0 2243.0 2216.0 2228.0 2226.0 2228.0 2229.0 2201.0 2179.0 2222.0 2226.0 2204.0 2208.0 2217.0 2181.0 2197.0 2228.0 2240.0 2175.0 2164.0 2221.0 2171.0 2156.0 2210.0 2249.0 2211.0 2237.0 2194.0 2147.0 2152.0 2151.0 2162.0 2160.0 2158.0 2150.0 2186.0 2193.0 2174.0 2154.0 2096.0 2083.0 2053.0 2038.0 2019.0 1971.0 1853.0 1793.0 1776.0 1726.0
2297.0 2109.0 2152.0 2277.0 2370.0 2333.0 2361.0 2383.0 2344.0 2299.0 2371.0 2372.0 2190.0 2175.0 2235.0 2268.0 2335.0 2197.0 2224.0 2228.0 2313.0 2269.0 2235.0 2255.0 2276.0 2251.0 2211.0 2233.0 2217.0 2244.0 2228.0 2223.0 2241.0 2261.0 2220.0 2215.0 2226.0 2234.0 2217.0 2204.0 2218.0 2218.0 2194.0 2185.0 2222.0 2233.0 2236.0 2222.0 2191.0 2169.0 2163.0 2210.0 2179.0 2167.0 2222.0 2299.0 2287.0 2220.0 2189.0 2172.0 2193.0 2180.0 2162.0 2189.0 2210.0 2196.0 2195.0 2211.0 2180.0 2164.0 2076.0 2054.0 2025.0 2031.0 2024.0 1893.0 1849.0 1806.0 1819.0 1746.0
2283.0 2245.0 2301.0 2273.0 2281.0 2331.0 2244.0 2266.0 2262.0 2296.0 2394.0 2389.0 2386.0 2274.0 2247.0 2260.0 2257.0 2206.0 2212.0 2222.0 2318.0 2215.0 2143.0 2166.0 2228.0 2277.0 2231.0 2278.0 2239.0 2227.0 2245.0 2244.0 2242.0 2260.0 2221.0 2208.0 2223.0 2221.0 2202.0 2216.0 2225.0 2194.0 2191.0 2187.0 2228.0 2243.0 2230.0 2198.0 2165.0 2185.0 2175.0 2219.0 2187.0 2181.0 2198.0 2283.0 2289.0 2185.0 2184.0 2183.0 2192.0 2184.0 2161.0 2184.0 2201.0 2192.0 2197.0 2218.0 2198.0 2140.0 2031.0 2018.0 1998.0 2017.0 2024.0 1905.0 1871.0 1821.0 1781.0 1736.0
2070.0 2264.0 2200.0 2140.0 2068.0 2142.0 2190.0 2251.0 2262.0 2248.0 2282.0 2392.0 2391.0 2351.0 2304.0 2255.0 2222.0 2286.0 2261.0 2316.0 2279.0 2198.0 2136.0 2150.0 2206.0 2229.0 2209.0 2236.0 2212.0 2231.0 2249.0 2266.0 2244.0 2230.0 2238.0 2231.0 2224.0 2212.0 2181.0 2179.0 2200.0 2195.0 2196.0 2205.0 2229.0 2231.0 2204.0 2192.0 2172.0 2207.0 2184.0 2220.0 2173.0 2190.0 2201.0 2234.0 2215.0 2199.0 2185.0 2167.0 2156.0 2183.0 2160.0 2139.0 2156.0 2157.0 2191.0 2209.0 2194.0 2137.0 2053.0 2080.0 2042.0 2019.0 2022.0 1964.0 1885.0 1803.0 1775.0 1733.0
2070.0 2227.0 2150.0 2149.0 2130.0 2139.0 2187.0 2314.0 2345.0 2240.0 2237.0 2216.0 2212.0 2207.0 2209.0 2171.0 2188.0 2197.0 2284.0 2254.0 2190.0 2215.0 2226.0 2206.0 2208.0 2201.0 2202.0 2204.0 2209.0 2244.0 2253.0 2254.0 2242.0 2229.0 2263.0 2251.0 2224.0 2221.0 2191.0 2179.0 2184.0 2183.0 2193.0 2202.0 2195.0 2185.0 2200.0 2190.0 2182.0 2205.0 2167.0 2211.0 2156.0 2180.0 2188.0 2200.0 2199.0 2218.0 2188.0 2157.0 2168.0 2184.0 2154.0 2139.0 2174.0 2186.0 2189.0 2187.0 2183.0 2137.0 2102.0 2084.0 2045.0 2016.0 2017.0 1907.0 1860.0 1846.0 1824.0 1742.0
2576.0 2451.0 2307.0 2264.0 2269.0 2323.0 2352.0 2299.0 2172.0 2108.0 2160.0 2204.0 2213.0 2172.0 2157.0 2172.0 2240.0 2205.0 2394.0 2255.0 2200.0 2214.0 2243.0 2257.0 2210.0 2250.0 2218.0 2204.0 2203.0 2252.0 2252.0 2212.0 2222.0 2226.0 2260.0 2247.0 2226.0 2221.0 2191.0 2179.0 2190.0 2185.0 2191.0 2199.0 2174.0 2148.0 2135.0 2140.0 2161.0 2212.0 2193.0 2212.0 2159.0 2133.0 2181.0 2207.0 2182.0 2168.0 2177.0 2169.0 2189.0 2183.0 2151.0 2135.0 2175.0 2191.0 2193.0 2182.0 2169.0 2131.0 2102.0 2083.0 2047.0 2018.0 2019.0 1902.0 1882.0 1858.0 1838.0 1750.0
2289.0 2118.0 2301.0 2151.0 2072.0 2195.0 2341.0 2550.0 2550.0 2307.0 2211.0 2250.0 2275.0 2231.0 2312.0 2334.0 2237.0 2231.0 2367.0 2259.0 2245.0 2226.0 2175.0 2158.0 2239.0 2288.0 2206.0 2223.0 2201.0 2275.0 2253.0 2182.0 2233.0 2213.0 2238.0 2234.0 2230.0 2202.0 2183.0 2189.0 2187.0 2187.0 2192.0 2190.0 2176.0 2178.0 2135.0 2138.0 2153.0 2198.0 2208.0 2215.0 2163.0 2173.0 2214.0 2238.0 2169.0 2167.0 2176.0 2159.0 2172.0 2184.0 2164.0 2131.0 2146.0 2164.0 2187.0 2134.0 2147.0 2133.0 2105.0 2084.0 2070.0 2070.0 2015.0 1933.0 1897.0 1856.0 1840.0 1746.0
2202.0 2118.0 2295.0 2367.0 2325.0 2335.0 2556.0 2412.0 2328.0 2315.0 2289.0 2170.0 2382.0 2356.0 2311.0 2233.0 2189.0 2288.0 2234.0 2294.0 2234.0 2223.0 2152.0 2154.0 2240.0 2273.0 2213.0 2212.0 2269.0 2291.0 2247.0 2248.0 2222.0 2221.0 2235.0 2210.0 2228.0 2209.0 2216.0 2219.0 2186.0 2185.0 2194.0 2182.0 2176.0 2193.0 2200.0 2188.0 2159.0 2153.0 2198.0 2202.0 2151.0 2175.0 2233.0 2216.0 2181.0 2195.0 2185.0 2173.0 2182.0 2182.0 2150.0 2135.0 2151.0 2153.0 2105.0 2100.0 2140.0 2125.0 2106.0 2087.0 2058.0 2070.0 2019.0 1943.0 1906.0 1857.0 1837.0 1750.0
2185.0 2211.0 2312.0 2239.0 2065.0 2131.0 2252.0 2289.0 2172.0 2108.0 2241.0 2410.0 2250.0 2316.0 2369.0 2334.0 2271.0 2289.0 2136.0 2260.0 2237.0 2241.0 2145.0 2159.0 2227.0 2183.0 2187.0 2215.0 2254.0 2299.0 2299.0 2208.0 2227.0 2199.0 2238.0 2219.0 2213.0 2210.0 2230.0 2234.0 2190.0 2182.0 2189.0 2183.0 2179.0 2191.0 2200.0 2194.0 2153.0 2206.0 2192.0 2171.0 2159.0 2143.0 2177.0 2198.0 2191.0 2175.0 2172.0 2201.0 2204.0 2171.0 2114.0 2133.0 2157.0 2149.0 2096.0 2092.0 2107.0 2113.0 2106.0 2096.0 2074.0 2058.0 2013.0 1938.0 1912.0 1857.0 1838.0 1759.0
2266.0 2561.0 2516.0 2539.0 2567.0 2504.0 2387.0 2414.0 2292.0 2218.0 2211.0 2221.0 2425.0 2231.0 2160.0 2226.0 2240.0 2222.0 2070.0 2291.0 2155.0 2199.0 2191.0 2260.0 2265.0 2270.0 2212.0 2290.0 2267.0 2297.0 2254.0 2125.0 2220.0 2213.0 2235.0 2246.0 2202.0 2199.0 2233.0 2202.0 2183.0 2186.0 2187.0 2191.0 2195.0 2187.0 2195.0 2182.0 2164.0 2217.0 2209.0 2178.0 2161.0 2118.0 2115.0 2189.0 2177.0 2150.0 2140.0 2166.0 2183.0 2150.0 2071.0 2054.0 2006.0 2041.0 2051.0 2038.0 2049.0 2047.0 1988.0 1986.0 2018.0 2004.0 1991.0 1937.0 1899.0 1832.0 1825.0 1753.0
2264.0 2409.0 2291.0 2357.0 2468.0 2481.0 2556.0 2412.0 2321.0 2311.0 2300.0 2226.0 2148.0 2170.0 2161.0 2229.0 2277.0 2046.0 2070.0 2291.0 2156.0 2203.0 2143.0 2155.0 2221.0 2214.0 2251.0 2300.0 2263.0 2309.0 2250.0 2171.0 2221.0 2207.0 2234.0 2261.0 2215.0 2199.0 2207.0 2219.0 2193.0 2188.0 2208.0 2245.0 2224.0 2173.0 2209.0 2200.0 2166.0 2156.0 2195.0 2208.0 2148.0 2103.0 2124.0 2190.0 2129.0 2116.0 2122.0 2128.0 2147.0 2149.0 2074.0 2033.0 1967.0 1882.0 1834.0 1828.0 1831.0 1827.0 1823.0 1824.0 1824.0 1818.0 1815.0 1815.0 1794.0 1775.0 1772.0 1731.0
2295.0 2446.0 2244.0 2230.0 2317.0 2385.0 2350.0 2277.0 2297.0 2317.0 2174.0 2169.0 2351.0 2222.0 2162.0 2231.0 2309.0 2203.0 2138.0 2212.0 2137.0 2151.0 2143.0 2205.0 2245.0 2245.0 2190.0 2154.0 2270.0 2144.0 2129.0 2162.0 2218.0 2210.0 2218.0 2261.0 2231.0 2243.0 2207.0 2197.0 2185.0 2177.0 2182.0 2191.0 2183.0 2143.0 2192.0 2215.0 2172.0 2174.0 2156.0 2182.0 2161.0 2159.0 2174.0 2151.0 2094.0 2146.0 2147.0 2097.0 2135.0 2145.0 2077.0 2033.0 1962.0 1834.0 1725.0 1650.0 1632.0 1639.0 1638.0 1648.0 1635.0 1625.0 1625.0 1626.0 1620.0 1623.0 1624.0 1588.0
2506.0 2457.0 2295.0 2225.0 2226.0 2326.0 2251.0 2288.0 2287.0 2215.0 2172.0 2281.0 2330.0 2311.0 2373.0 2358.0 2291.0 2264.0 2334.0 2274.0 2336.0 2346.0 2357.0 2254.0 2146.0 2174.0 2240.0 2181.0 2151.0 2221.0 2000.0 2199.0 2170.0 2208.0 2159.0 2152.0 2218.0 2257.0 2206.0 2184.0 2185.0 2180.0 2190.0 2197.0 2227.0 2204.0 2187.0 2163.0 2163.0 2212.0 2205.0 2164.0 2158.0 2184.0 2177.0 2147.0 2136.0 2171.0 2153.0 2129.0 2127.0 2087.0 2041.0 2034.0 1962.0 1853.0 1725.0 1641.0 1559.0 1482.0 1472.0 1444.0 1466.0 1460.0 1466.0 1461.0 1456.0 1459.0 1461.0 1464.0
2550.0 2444.0 2300.0 2224.0 2226.0 2223.0 2156.0 2294.0 2227.0 2199.0 2291.0 2457.0 2566.0 2301.0 2253.0 2294.0 2296.0 2255.0 2171.0 2222.0 2240.0 2350.0 2355.0 2196.0 2145.0 2170.0 2201.0 2169.0 2256.0 2221.0 2206.0 2190.0 2202.0 2203.0 2160.0 2217.0 2219.0 2247.0 2200.0 2160.0 2185.0 2175.0 2188.0 2188.0 2159.0 2166.0 2187.0 2178.0 2166.0 2176.0 2181.0 2147.0 2161.0 2180.0 2177.0 2156.0 2150.0 2168.0 2164.0 2172.0 2136.0 2074.0 2040.0 2045.0 1966.0 1866.0 1730.0 1639.0 1568.0 1481.0 1464.0 1409.0 1324.0 1309.0 1332.0 1335.0 1334.0 1335.0 1335.0 1303.0
2506.0 2509.0 2265.0 2361.0 2323.0 2187.0 2156.0 2166.0 2156.0 2162.0 2252.0 2345.0 2313.0 2193.0 2237.0 2236.0 2202.0 2182.0 2273.0 2212.0 2231.0 2285.0 2207.0 2143.0 2142.0 2219.0 2260.0 2169.0 2151.0 2222.0 2128.0 2191.0 2218.0 2148.0 2191.0 2211.0 2210.0 2187.0 2194.0 2231.0 2211.0 2183.0 2209.0 2239.0 2218.0 2164.0 2174.0 2149.0 2163.0 2180.0 2157.0 2152.0 2156.0 2178.0 2160.0 2146.0 2116.0 2121.0 2107.0 2119.0 2125.0 2080.0 2079.0 2051.0 1964.0 1863.0 1727.0 1642.0 1573.0 1482.0 1465.0 1407.0 1318.0 1294.0 1224.0 1181.0 1159.0 1157.0 1181.0 1196.0
2183.0 2078.0 2230.0 2772.0 2530.0 2186.0 2351.0 2166.0 2187.0 2192.0 2171.0 2297.0 2187.0 2175.0 2319.0 2301.0 2215.0 2263.0 2333.0 2209.0 2482.0 2344.0 2209.0 2198.0 2224.0 2241.0 2234.0 2214.0 2308.0 2147.0 2177.0 2321.0 2277.0 2158.0 2219.0 2150.0 2264.0 2265.0 2210.0 2234.0 2184.0 2175.0 2208.0 2186.0 2217.0 2227.0 2202.0 2201.0 2223.0 2213.0 2146.0 2140.0 2159.0 2192.0 2170.0 2150.0 2158.0 2115.0 2104.0 2131.0 2115.0 2074.0 2075.0 2036.0 1951.0 1847.0 1730.0 1633.0 1565.0 1482.0 1466.0 1412.0 1319.0 1291.0 1226.0 1170.0 1138.0 1106.0 1084.0 1057.0
2388.0 2532.0 2435.0 2772.0 2530.0 2347.0 2530.0 2301.0 2232.0 2214.0 2261.0 2298.0 2303.0 2088.0 2259.0 2243.0 2199.0 2263.0 2250.0 2208.0 2334.0 2350.0 2269.0 2231.0 2224.0 2217.0 2216.0 2227.0 2366.0 2412.0 2212.0 2195.0 2254.0 2159.0 2157.0 2146.0 2129.0 2153.0 2148.0 2164.0 2206.0 2243.0 2238.0 2257.0 2223.0 2218.0 2225.0 2175.0 2162.0 2208.0 2173.0 2152.0 2156.0 2203.0 2208.0 2186.0 2152.0 2136.0 2154.0 2137.0 2127.0 2099.0 2077.0 2038.0 1940.0 1863.0 1731.0 1633.0 1567.0 1483.0 1454.0 1411.0 1319.0 1290.0 1229.0 1180.0 1137.0 1104.0 1085.0 1045.0
2125.0 2078.0 2222.0 2521.0 2401.0 2372.0 2540.0 2580.0 2110.0 2150.0 2269.0 2280.0 2327.0 2088.0 2242.0 2159.0 2165.0 2258.0 2260.0 2159.0 2147.0 2279.0 2209.0 2134.0 2167.0 2227.0 2234.0 2240.0 2251.0 2265.0 2254.0 2157.0 2285.0 2228.0 2224.0 2209.0 2260.0 2169.0 2191.0 2232.0 2215.0 2181.0 2192.0 2186.0 2212.0 2216.0 2185.0 2144.0 2137.0 2102.0 2116.0 2131.0 2100.0 2178.0 2178.0 2117.0 2112.0 2133.0 2165.0 2166.0 2132.0 2079.0 2076.0 2042.0 1905.0 1859.0 1723.0 1631.0 1571.0 1482.0 1453.0 1415.0 1340.0 1290.0 1227.0 1177.0 1140.0 1110.0 1089.0 1038.0
2123.0 2224.0 2488.0 2246.0 2322.0 2491.0 2528.0 2350.0 2178.0 2146.0 2257.0 2358.0 2329.0 2224.0 2327.0 2243.0 2210.0 2319.0 2345.0 2132.0 2207.0 2214.0 2127.0 2100.0 2124.0 2217.0 2233.0 2249.0 2277.0 2221.0 2292.0 2156.0 2208.0 2231.0 2224.0 2201.0 2152.0 2128.0 2161.0 2155.0 2236.0 2252.0 2213.0 2166.0 2100.0 2144.0 2171.0 2142.0 2159.0 2224.0 2214.0 2139.0 2101.0 2148.0 2173.0 2180.0 2172.0 2161.0 2170.0 2141.0 2127.0 2151.0 2070.0 2016.0 1935.0 1860.0 1722.0 1637.0 1572.0 1489.0 1466.0 1417.0 1324.0 1284.0 1228.0 1171.0 1142.0 1108.0 1088.0 1044.0
2131.0 2294.0 2478.0 2521.0 2317.0 2167.0 2111.0 2305.0 2096.0 2099.0 2258.0 2275.0 1942.0 2167.0 2302.0 2247.0 2166.0 2318.0 2493.0 2132.0 2156.0 2244.0 2131.0 2133.0 2177.0 2221.0 2226.0 2223.0 2221.0 2218.0 2239.0 2214.0 2101.0 2236.0 2147.0 2241.0 2122.0 1984.0 2123.0 2226.0 2241.0 2230.0 2218.0 2262.0 2210.0 2185.0 2198.0 2188.0 2213.0 2215.0 2123.0 2120.0 2160.0 2196.0 2166.0 2127.0 2167.0 2136.0 2102.0 2090.0 2135.0 2156.0 2073.0 1960.0 1885.0 1850.0 1725.0 1625.0 1535.0 1479.0 1445.0 1418.0 1323.0 1280.0 1239.0 1179.0 1144.0 1111.0 1091.0 1053.0
2269.0 2310.0 2331.0 2251.0 2145.0 2056.0 2111.0 2288.0 2206.0 2326.0 2228.0 1944.0 1942.0 2159.0 2285.0 2159.0 2104.0 2299.0 2493.0 2119.0 2133.0 2279.0 2206.0 2225.0 2238.0 2221.0 2229.0 2237.0 2194.0 2212.0 2192.0 2200.0 2237.0 2159.0 2146.0 2150.0 2114.0 2141.0 2072.0 2123.0 2141.0 2056.0 2101.0 2153.0 2103.0 2091.0 2177.0 2172.0 2153.0 2133.0 2119.0 2157.0 2096.0 2139.0 2122.0 2120.0 2159.0 2148.0 2136.0 2110.0 2157.0 2164.0 2129.0 2039.0 1917.0 1865.0 1733.0 1637.0 1564.0 1488.0 1444.0 1421.0 1350.0 1284.0 1235.0 1183.0 1145.0 1111.0 1097.0 1045.0
2269.0 2363.0 2341.0 2245.0 2023.0 2061.0 2244.0 2357.0 2222.0 2321.0 2415.0 2414.0 2389.0 2348.0 2241.0 2373.0 2365.0 2316.0 2270.0 2112.0 2205.0 2268.0 2204.0 2232.0 2241.0 2215.0 2230.0 2243.0 2234.0 2220.0 2199.0 2189.0 2216.0 2159.0 2277.0 2258.0 2192.0 2127.0 2212.0 2150.0 2137.0 2164.0 2163.0 2179.0 2203.0 2189.0 2154.0 2144.0 2192.0 2181.0 2112.0 2122.0 2195.0 2197.0 2196.0 2203.0 2174.0 2124.0 1959.0 1959.0 2171.0 2185.0 2130.0 2064.0 1877.0 1843.0 1680.0 1617.0 1532.0 1477.0 1451.0 1422.0 1329.0 1284.0 1251.0 1192.0 1156.0 1137.0 1098.0 1042.0
2145.0 2283.0 2467.0 2617.0 2109.0 2308.0 2479.0 2397.0 2198.0 2100.0 2250.0 2340.0 2254.0 2167.0 2194.0 2376.0 2365.0 2269.0 2159.0 2118.0 2157.0 2264.0 2116.0 2227.0 2325.0 2213.0 2130.0 2148.0 2214.0 2246.0 2235.0 2196.0 2235.0 2034.0 2278.0 2174.0 2222.0 2181.0 2219.0 2148.0 2139.0 2247.0 2305.0 2258.0 2198.0 2241.0 2292.0 2184.0 2158.0 2176.0 2193.0 2167.0 2151.0 2186.0 2204.0 2122.0 2111.0 2123.0 1959.0 1959.0 2114.0 2096.0 2082.0 2094.0 1922.0 1843.0 1693.0 1617.0 1529.0 1489.0 1457.0 1421.0 1326.0 1277.0 1247.0 1185.0 1156.0 1141.0 1111.0 1047.0
1875.0 1914.0 2349.0 2617.0 2174.0 2308.0 2359.0 2244.0 2420.0 2147.0 2147.0 2237.0 2248.0 2166.0 2297.0 2302.0 2105.0 2018.0 2076.0 2279.0 2360.0 2160.0 2125.0 2223.0 2324.0 2128.0 2130.0 2144.0 2160.0 2220.0 2197.0 2190.0 2287.0 2149.0 2246.0 2282.0 2253.0 2177.0 2181.0 2144.0 2148.0 2158.0 2214.0 2196.0 2138.0 2158.0 2186.0 2176.0 2167.0 2176.0 2188.0 2160.0 2085.0 2083.0 2111.0 2150.0 2183.0 2179.0 2111.0 2094.0 2123.0 2094.0 2026.0 2036.0 2038.0 1902.0 1745.0 1696.0 1630.0 1491.0 1441.0 1419.0 1336.0 1281.0 1251.0 1194.0 1156.0 1124.0 1112.0 1047.0
1846.0 2182.0 2165.0 2080.0 2177.0 2118.0 2009.0 2013.0 2305.0 2238.0 2146.0 2234.0 2278.0 2160.0 2376.0 2322.0 2232.0 2185.0 2264.0 2299.0 2140.0 1976.0 2281.0 2204.0 2147.0 2123.0 2215.0 2212.0 2189.0 2193.0 2190.0 2194.0 2198.0 2229.0 2140.0 2268.0 2232.0 2122.0 2164.0 2137.0 2137.0 2151.0 2145.0 2168.0 2159.0 2102.0 2094.0 2135.0 2137.0 2070.0 1994.0 2080.0 2142.0 2095.0 1999.0 1999.0 2090.0 2126.0 2118.0 2127.0 2180.0 2183.0 2147.0 2090.0 2029.0 1975.0 1749.0 1669.0 1538.0 1476.0 1441.0 1413.0 1326.0 1276.0 1255.0 1202.0 1159.0 1125.0 1108.0 1050.0
2161.0 2372.0 2455.0 2451.0 2176.0 2085.0 2009.0 2013.0 2092.0 2241.0 2127.0 2225.0 2264.0 2164.0 2299.0 2302.0 2220.0 2197.0 2159.0 2112.0 2139.0 2160.0 2267.0 2167.0 2413.0 2206.0 2130.0 2218.0 2265.0 2224.0 2202.0 2208.0 2091.0 2227.0 2108.0 2183.0 2213.0 2132.0 2189.0 2141.0 2158.0 2164.0 2149.0 2119.0 2187.0 2187.0 2151.0 2130.0 2148.0 2107.0 2111.0 2168.0 2207.0 2176.0 2019.0 1999.0 1971.0 2000.0 2115.0 2128.0 2170.0 2086.0 2027.0 2115.0 2135.0 2138.0 2041.0 1871.0 1634.0 1481.0 1445.0 1411.0 1317.0 1269.0 1250.0 1217.0 1160.0 1138.0 1112.0 1051.0
2148.0 2265.0 2154.0 2080.0 2089.0 2097.0 2193.0 2197.0 2225.0 2268.0 2147.0 2341.0 2297.0 2126.0 2249.0 2419.0 2226.0 2185.0 2232.0 2295.0 2249.0 2106.0 2524.0 2152.0 2287.0 2255.0 2215.0 2211.0 2249.0 2187.0 2120.0 2193.0 2184.0 2158.0 2113.0 2275.0 2264.0 2144.0 2181.0 2142.0 2141.0 2124.0 2128.0 2109.0 2137.0 2151.0 2160.0 2177.0 2198.0 2173.0 2118.0 2126.0 2151.0 2171.0 2134.0 2155.0 2116.0 2126.0 2158.0 2192.0 2180.0 2098.0 2098.0 2130.0 2067.0 2008.0 1959.0 1871.0 1735.0 1491.0 1440.0 1408.0 1322.0 1271.0 1237.0 1192.0 1154.0 1114.0 1110.0 1052.0
1962.0 2178.0 2618.0 2817.0 2613.0 2217.0 2364.0 2457.0 2420.0 2390.0 2235.0 2459.0 2304.0 2159.0 2245.0 2332.0 2213.0 2111.0 2209.0 2277.0 2198.0 2233.0 2411.0 2169.0 2218.0 2198.0 2208.0 2209.0 2218.0 2182.0 2175.0 2237.0 2261.0 2148.0 2236.0 2284.0 2245.0 2168.0 2168.0 2130.0 2119.0 2162.0 2143.0 2158.0 2177.0 2151.0 2154.0 2184.0 2197.0 2166.0 2172.0 2130.0 2074.0 2101.0 2170.0 2192.0 2184.0 2134.0 2114.0 2130.0 2122.0 2140.0 2112.0 2039.0 2115.0 2125.0 1960.0 2031.0 1922.0 1526.0 1436.0 1406.0 1313.0 1272.0 1238.0 1217.0 1151.0 1112.0 1105.0 1052.0
1837.0 2193.0 2897.0 2853.0 2610.0 2590.0 2193.0 2265.0 2305.0 2080.0 1999.0 2203.0 2293.0 2245.0 2209.0 2263.0 2153.0 2192.0 2258.0 2211.0 2236.0 2364.0 2290.0 2252.0 2187.0 2250.0 2319.0 2211.0 2189.0 2190.0 2195.0 2265.0 2454.0 2151.0 2232.0 2189.0 2114.0 2168.0 2167.0 2126.0 2138.0 2180.0 2144.0 2171.0 2200.0 2154.0 2126.0 2182.0 2141.0 2114.0 2112.0 2121.0 2127.0 2177.0 2192.0 2189.0 2200.0 2149.0 2116.0 2129.0 2120.0 2182.0 2129.0 2034.0 2079.0 1969.0 1959.0 2064.0 2050.0 1919.0 1484.0 1405.0 1308.0 1262.0 1239.0 1228.0 1151.0 1111.0 1105.0 1048.0
1974.0 2231.0 2618.0 2726.0 2599.0 2110.0 2456.0 2726.0 2597.0 2121.0 1819.0 2196.0 2143.0 2156.0 2259.0 2293.0 2146.0 2287.0 2232.0 2198.0 2271.0 2364.0 2236.0 2142.0 2151.0 2318.0 2531.0 2340.0 2221.0 2165.0 2197.0 2235.0 2246.0 2152.0 1966.0 1988.0 2123.0 1982.0 2172.0 2142.0 2228.0 2114.0 2069.0 2121.0 2183.0 2136.0 2114.0 2185.0 2113.0 2107.0 2111.0 2166.0 2202.0 2144.0 2123.0 2182.0 2207.0 2153.0 2119.0 2191.0 2160.0 2144.0 2136.0 2041.0 2063.0 2065.0 2042.0 2062.0 2056.0 1961.0 1760.0 1594.0 1318.0 1262.0 1236.0 1226.0 1147.0 1107.0 1104.0 1046.0
2345.0 2148.0 2145.0 2822.0 2344.0 2051.0 2508.0 2558.0 2277.0 2079.0 2341.0 2046.0 2019.0 2338.0 2549.0 2266.0 2150.0 2284.0 2206.0 2193.0 2211.0 2204.0 2211.0 2262.0 2474.0 2173.0 2235.0 2340.0 2257.0 2140.0 2145.0 2159.0 2153.0 2216.0 2111.0 2205.0 2033.0 2120.0 2211.0 2174.0 2241.0 2128.0 2069.0 2100.0 2116.0 2153.0 2185.0 2206.0 2133.0 2128.0 2120.0 2131.0 2125.0 2123.0 2118.0 2143.0 2172.0 2123.0 2118.0 2133.0 2073.0 1989.0 2052.0 2031.0 2067.0 2180.0 2147.0 2071.0 2020.0 1918.0 1979.0 1973.0 1520.0 1276.0 1231.0 1217.0 1141.0 1107.0 1099.0 1045.0
2183.0 2220.0 2331.0 2242.0 2189.0 2217.0 2367.0 2265.0 2265.0 2266.0 2235.0 2202.0 2300.0 2338.0 2277.0 2161.0 2137.0 2285.0 2203.0 2210.0 2209.0 2204.0 2219.0 2267.0 2220.0 2201.0 2108.0 2102.0 2095.0 2137.0 2190.0 2234.0 2290.0 2268.0 2107.0 2191.0 2097.0 2170.0 2250.0 2229.0 2241.0 2201.0 2131.0 2118.0 2112.0 2156.0 2216.0 2196.0 2147.0 2161.0 2158.0 2107.0 2086.0 2121.0 2116.0 2123.0 2139.0 2157.0 2164.0 2109.0 2008.0 1989.0 2005.0 1985.0 2061.0 2180.0 2089.0 2061.0 1922.0 1919.0 2076.0 2117.0 1886.0 1492.0 1237.0 1223.0 1131.0 1107.0 1098.0 1047.0
